"TOA5","USL_Winch_IP","CR1000","83445","CR1000.Std.31","CPU:USL_1M_6H.cr1","21122","DFinder"
"TIMESTAMP","RECORD","_counter","_temp1","_DF_1","_temp2","_DF_2","_bottomDepth","_siteMaxDepth","_DF_Error"
"TS","RN","","","","","","","",""
"","","Smp","Smp","Smp","Smp","Smp","Smp","Smp","Smp"
"2017-05-23 18:25:10",0,1,0,27.4,0,27.3,27.3,28,0
"2017-05-23 18:51:15",1,1,0,27.3,0,27.3,27.2,28,0
"2017-05-23 18:52:40",2,2,0,27.2,0,27.3,27.2,28,0
"2017-05-23 18:54:08",3,1,0,27.4,0,27.3,27.3,28,0
"2017-05-23 18:55:33",4,1,0,27.4,0,27.2,27.3,28,0
"2017-05-23 18:56:58",5,1,0,27.2,0,27.2,27.11,28,0
"2017-05-24 00:00:00",6,1,0,27.3,0,27.4,27.3,28,0
"2017-05-24 00:26:08",7,1,0,27.3,0,27.3,27.2,28,0
"2017-05-24 00:27:34",8,1,0,27.6,0,27.3,27.5,28,0
"2017-05-24 00:29:00",9,1,0,27.5,0,27.4,27.4,28,0
"2017-05-24 00:30:26",10,1,0,27.4,0,27.4,27.3,28,0
"2017-05-24 00:31:52",11,1,0,27.4,0,27.5,27.4,28,0
"2017-05-24 06:00:00",12,1,0,27.3,0,27.3,27.2,28,0
"2017-05-24 06:26:15",13,1,0,27.5,0,27.5,27.4,28,0
"2017-05-24 06:27:41",14,1,0,27.5,0,27.4,27.4,28,0
"2017-05-24 06:29:07",15,1,0,27.3,0,27.3,27.2,28,0
"2017-05-24 06:30:33",16,1,0,27.4,0,27.4,27.3,28,0
"2017-05-24 06:31:59",17,1,0,27.3,0,27.4,27.3,28,0
"2017-05-24 12:00:00",18,1,0,27.4,0,27.4,27.3,28,0
"2017-05-24 12:25:29",19,1,0,27.4,0,27.3,27.3,28,0
"2017-05-24 12:26:52",20,2,0,27.1,0,27.2,27.11,28,0
"2017-05-24 12:28:18",21,1,0,27.3,0,27.3,27.2,28,0
"2017-05-24 12:29:41",22,1,0,27.3,0,27.3,27.2,28,0
"2017-05-24 12:31:04",23,1,0,27.3,0,27.5,27.4,28,0
"2017-05-24 15:02:26",24,2,0,27.4,0,27.5,27.4,28,0
"2017-05-24 15:28:22",25,1,0,27.2,0,27.3,27.2,28,0
"2017-05-24 15:29:47",26,3,0,27.1,0,27.1,27.01,28,0
"2017-05-24 15:31:19",27,1,0,27.4,0,27.3,27.3,28,0
"2017-05-24 15:32:45",28,2,0,27.4,0,27.4,27.3,28,0
"2017-05-24 15:34:13",29,1,0,27.3,0,27.3,27.2,28,0
"2017-05-24 18:00:00",30,1,0,27.5,0,27.4,27.4,28,0
"2017-05-24 18:25:35",31,1,0,27.5,0,27.5,27.4,28,0
"2017-05-24 18:26:58",32,1,0,28.5,0,28.4,26,28,0
"2017-05-24 18:28:24",33,2,0,27.3,0,27.6,27.5,28,0
"2017-05-25 00:00:00",34,1,0,27.3,0,27.4,27.3,28,0
"2017-05-25 07:15:09",35,1,0,27.6,0,27.2,27.5,28,0
"2017-05-25 09:48:50",36,2,0,27.4,0,27.6,27.5,28,0
"2017-05-25 10:14:33",37,1,0,27.2,0,27.3,27.2,28,0
"2017-05-25 10:15:56",38,1,0,27.2,0,27.3,27.2,28,0
"2017-05-25 10:17:19",39,1,0,27.5,0,27.1,27.4,28,0
"2017-05-25 10:18:42",40,1,0,27.4,0,27.3,27.3,28,0
"2017-05-25 10:20:08",41,1,0,27.5,0,27.1,27.4,28,0
"2017-05-25 11:17:23",42,2,0,27.4,0,27.6,27.5,28,0
"2017-05-25 11:43:02",43,1,0,27.3,0,27.3,27.2,28,0
"2017-05-25 11:44:27",44,1,0,27.4,0,27.3,27.3,28,0
"2017-05-25 11:45:50",45,1,0,27.5,0,27.3,27.4,28,0
"2017-05-25 11:47:13",46,1,0,27.7,0,27.3,27.59,28,0
"2017-05-25 11:48:39",47,1,0,27.4,0,27.3,27.3,28,0
"2017-05-25 12:00:00",48,1,0,27.4,0,27.3,27.3,28,0
"2017-05-25 12:25:32",49,1,0,27.3,0,27.3,27.2,28,0
"2017-05-25 12:26:55",50,1,0,27.3,0,27.5,27.4,28,0
"2017-05-25 12:28:20",51,1,0,27.5,0,27.3,27.4,28,0
"2017-05-25 12:29:43",52,1,0,27.6,0,27.4,27.5,28,0
"2017-05-25 12:31:06",53,1,0,27.3,0,27.4,27.3,28,0
"2017-05-25 14:33:56",54,1,0,27.3,0,27.3,27.2,28,0
"2017-05-25 18:00:00",55,1,0,27.5,0,27.3,27.4,28,0
"2017-05-25 18:25:40",56,1,0,27.3,0,27.3,27.2,28,0
"2017-05-25 18:27:05",57,1,0,27.4,0,27.3,27.3,28,0
"2017-05-25 18:28:30",58,1,0,27.3,0,27.3,27.2,28,0
"2017-05-25 18:29:55",59,1,0,27.5,0,27.4,27.4,28,0
"2017-05-25 18:31:20",60,2,0,27.2,0,27.3,27.2,28,0
"2017-05-26 00:00:00",61,2,0,28.1,0,28.2,26,28,0
"2017-05-26 00:24:39",62,3,0,27.3,0,27.6,27.5,28,0
"2017-05-26 00:26:10",63,1,0,27.3,0,27.6,27.5,28,0
"2017-05-26 00:27:35",64,1,0,27.4,0,27.4,27.3,28,0
"2017-05-26 00:29:00",65,1,0,27.5,0,27.4,27.4,28,0
"2017-05-26 00:30:25",66,1,0,27.3,0,27.4,27.3,28,0
"2017-05-26 00:31:50",67,1,0,27.3,0,27.4,27.3,28,0
"2017-05-26 06:00:00",68,1,0,27.2,0,27.2,27.11,28,0
"2017-05-26 06:25:55",69,1,0,27.2,0,27.6,27.5,28,0
"2017-05-26 06:27:20",70,1,0,27.4,0,27.4,27.3,28,0
"2017-05-26 06:28:45",71,1,0,27.9,0,27.8,27.79,28,0
"2017-05-26 06:30:11",72,1,0,27.3,0,27.3,27.2,28,0
"2017-05-26 06:31:37",73,1,0,27.3,0,27.4,27.3,28,0
"2017-05-26 12:00:00",74,1,0,27.3,0,27.6,27.5,28,0
"2017-05-26 12:25:38",75,1,0,27.4,0,27.2,27.3,28,0
"2017-05-26 12:27:01",76,1,0,27.3,0,27.3,27.2,28,0
"2017-05-26 12:28:24",77,1,0,27.4,0,27.4,27.3,28,0
"2017-05-26 12:29:47",78,1,0,27.3,0,27.3,27.2,28,0
"2017-05-26 12:31:10",79,1,0,27.2,0,27.7,27.59,28,0
"2017-05-26 18:00:00",80,1,0,27.3,0,27.8,27.69,28,0
"2017-05-26 18:26:59",81,1,0,27.3,0,27.7,27.59,28,0
"2017-05-26 18:28:24",82,1,0,27.4,0,27.1,27.3,28,0
"2017-05-26 18:29:49",83,1,0,27.3,0,27.3,27.2,28,0
"2017-05-26 18:31:14",84,3,0,27.3,0,27.2,27.2,28,0
"2017-05-27 00:00:00",85,1,0,27.6,0,27.4,27.5,28,0
"2017-05-27 00:25:55",86,2,0,27.3,0,27.3,27.2,28,0
"2017-05-27 00:27:23",87,1,0,27.5,0,27.5,27.4,28,0
"2017-05-27 00:28:48",88,1,0,27.4,0,27.7,27.59,28,0
"2017-05-27 00:30:14",89,2,0,27.4,0,27.3,27.3,28,0
"2017-05-27 00:31:42",90,1,0,27.8,0,27.4,27.69,28,0
"2017-05-27 00:33:07",91,1,0,27.6,0,27.6,27.5,28,0
"2017-05-27 06:00:00",92,1,0,27.2,0,27.3,27.2,28,0
"2017-05-27 06:26:04",93,1,0,27.4,0,27.4,27.3,28,0
"2017-05-27 06:27:29",94,1,0,27.3,0,27.5,27.4,28,0
"2017-05-27 06:28:55",95,1,0,27.3,0,27.3,27.2,28,0
"2017-05-27 06:30:21",96,1,0,27.2,0,27.3,27.2,28,0
"2017-05-27 06:31:47",97,1,0,27.4,0,27.5,27.4,28,0
"2017-05-27 12:00:00",98,2,0,27.4,0,27.3,27.3,28,0
"2017-05-27 12:25:31",99,1,0,27.3,0,27.3,27.2,28,0
"2017-05-27 12:26:54",100,1,0,27.2,0,27.2,27.11,28,0
"2017-05-27 12:28:17",101,1,0,27.2,0,27.2,27.11,28,0
"2017-05-27 12:29:40",102,1,0,27.2,0,27.2,27.11,28,0
"2017-05-27 12:31:03",103,1,0,27.3,0,27.5,27.4,28,0
"2017-05-27 18:00:00",104,1,0,27.1,0,27.2,27.11,28,0
"2017-05-27 18:25:31",105,1,0,27.3,0,27.3,27.2,28,0
"2017-05-27 18:26:54",106,1,0,27.4,0,27.3,27.3,28,0
"2017-05-27 18:28:17",107,1,0,27.2,0,27.2,27.11,28,0
"2017-05-27 18:29:42",108,3,0,27.3,0,27.3,27.2,28,0
"2017-05-27 18:31:11",109,1,0,27.4,0,27.4,27.3,28,0
"2017-05-28 00:00:00",110,1,0,27.4,0,27.4,27.3,28,0
"2017-05-28 00:25:44",111,1,0,27.4,0,27.4,27.3,28,0
"2017-05-28 00:27:10",112,1,0,27.4,0,27.3,27.3,28,0
"2017-05-28 00:28:35",113,1,0,27.4,1,27.4,27.3,28,0
"2017-05-28 00:30:01",114,1,0,27.4,0,27.4,27.3,28,0
"2017-05-28 00:31:24",115,3,0,27.3,0,27.4,27.3,28,0
"2017-05-28 06:00:00",116,2,0,27.6,0,27.3,27.5,28,0
"2017-05-28 06:25:42",117,1,0,27.3,0,27.2,27.2,28,0
"2017-05-28 06:27:07",118,1,0,27.3,0,27.3,27.2,28,0
"2017-05-28 06:28:32",119,1,0,27.3,0,27.4,27.3,28,0
"2017-05-28 06:29:57",120,1,0,27.2,0,27.2,27.11,28,0
"2017-05-28 06:31:22",121,1,0,27.3,0,27.2,27.2,28,0
"2017-05-28 12:00:00",122,2,0,27.3,0,27.5,27.4,28,0
"2017-05-28 12:25:27",123,1,0,27.3,0,27.6,27.5,28,0
"2017-05-28 12:26:50",124,1,0,27.3,0,27.2,27.2,28,0
"2017-05-28 12:28:13",125,1,0,27.5,0,27.4,27.4,28,0
"2017-05-28 12:29:36",126,1,0,27.3,0,27.4,27.3,28,0
"2017-05-28 12:30:59",127,1,0,27.4,0,27.3,27.3,28,0
"2017-05-28 18:00:00",128,1,0,27.5,0,27.3,27.4,28,0
"2017-05-28 18:25:24",129,1,0,27.2,0,27.3,27.2,28,0
"2017-05-28 18:26:49",130,1,0,27.2,0,27.3,27.2,28,0
"2017-05-28 18:28:11",131,1,0,27.2,0,27.3,27.2,28,0
"2017-05-28 18:29:34",132,1,0,27.4,0,27.2,27.3,28,0
"2017-05-28 18:30:57",133,1,0,27.3,0,27.4,27.3,28,0
"2017-05-29 00:00:00",134,1,0,27.3,0,27.5,27.4,28,0
"2017-05-29 00:25:41",135,1,0,27.2,0,27.4,27.3,28,0
"2017-05-29 00:27:04",136,2,0,27.4,0,27.2,27.3,28,0
"2017-05-29 00:28:30",137,1,0,27.4,0,27.4,27.3,28,0
"2017-05-29 00:29:56",138,1,0,27.3,0,27.7,27.59,28,0
"2017-05-29 00:31:21",139,1,0,27.5,0,27.6,27.5,28,0
"2017-05-29 06:00:00",140,1,0,27.1,0,27.3,27.2,28,0
"2017-05-29 06:25:45",141,2,0,27.4,0,27.1,27.3,28,0
"2017-05-29 06:27:13",142,1,0,27.3,0,27.4,27.3,28,0
"2017-05-29 06:28:38",143,1,0,27.6,0,27.2,27.5,28,0
"2017-05-29 06:30:01",144,1,0,27.2,0,27.4,27.3,28,0
"2017-05-29 06:31:27",145,1,0,27.4,0,27.2,27.3,28,0
