"TOA5","USL_Winch_IP","CR1000","83445","CR1000.Std.31","CPU:USL_1M_6H.cr1","21122","PFL_Step"
"TIMESTAMP","RECORD","PFL_Counter","_CntRS232","_RS232Dpt","sensorParms(1)","sensorParms(2)","sensorParms(3)","sensorParms(4)","sensorParms(5)","sensorParms(6)","sensorParms(7)","sensorParms(8)","sensorParms(9)","sensorParms(10)","sensorParms(11)","sensorParms(12)","sensorParms(13)","sensorParms(14)"
"TS","RN","","","","","","","","","","","","","","","","",""
"","","Smp","Smp","Smp","Smp","Smp","Smp","Smp","Smp","Smp","Smp","Smp","Smp","Smp","Smp","Smp","Smp","Smp"
"2017-05-23 18:26:57",0,1,1,0.935,13.84,58.06,0.935,0.948,103.32,10.68,7.9,0.66,-0.21,0.14,1.64,7.51,6.22,12.13
"2017-05-23 18:28:14",1,1,1,2.084,13.574,58.13,2.084,2.082,102.69,10.68,7.87,0.68,-0.22,0.14,2.19,9.89,6.22,12.23
"2017-05-23 18:29:30",2,1,1,3.018,13.106,58.32,3.018,3.018,101.36,10.65,7.84,0.74,-0.19,0.16,2.29,10.34,6.22,12.62
"2017-05-23 18:30:46",3,1,1,4.049,12.298,58.71,4.049,4.049,99.23,10.62,7.8,0.66,-0.14,0.22,2.74,12.28,6.22,12.59
"2017-05-23 18:32:02",4,1,1,5.067,12.083,58.83,5.067,5.066,98.11,10.55,7.76,0.72,-0.09,0.27,3.3,14.68,6.22,12.53
"2017-05-23 18:33:18",5,1,1,6.048,11.754,58.94,6.048,6.048,97.05,10.52,7.7,0.87,-0.01,0.35,2.65,11.86,6.22,12.25
"2017-05-23 18:34:34",6,1,1,7.054,11.352,59.03,7.054,7.054,95.69,10.47,7.64,0.66,-0.14,0.22,2.73,12.21,6.22,12.59
"2017-05-23 18:35:50",7,1,1,8.05,10.894,59,8.046,8.047,92.3,10.2,7.57,0.58,-0.15,0.2,2.27,10.24,6.22,12.58
"2017-05-23 18:37:08",8,1,1,9.11,10.503,59.15,9.107,9.108,91.38,10.19,7.5,0.64,-0.2,0.16,1.68,7.7,6.22,12.26
"2017-05-23 18:38:24",9,1,1,10.04,10.229,59.25,10.036,10.036,90.26,10.13,7.44,0.44,-0.19,0.17,1.78,8.12,6.22,12.27
"2017-05-23 18:39:40",10,1,1,11,9.612,59.77,10.996,10.995,89.07,10.15,7.4,0.58,-0.22,0.14,1.73,7.9,6.22,12.51
"2017-05-23 18:40:59",11,1,1,12.09,9.236,60,12.09,12.09,87.75,10.09,7.33,0.46,-0.25,0.1,1.34,6.24,6.22,12.61
"2017-05-23 18:42:15",12,1,1,13.02,8.988,60.01,13.022,13.02,86.29,9.98,7.29,0.48,-0.27,0.08,1.05,4.99,6.22,12.61
"2017-05-23 18:43:31",13,1,1,14.02,8.686,60.23,14.024,14.024,85.16,9.92,7.23,0.43,-0.25,0.11,1.18,5.54,6.22,12.34
"2017-05-23 18:44:47",14,1,1,15.02,8.385,60.54,15.019,15.019,84.31,9.89,7.18,0.39,-0.27,0.08,0.77,3.76,6.22,12.68
"2017-05-23 18:46:03",15,1,1,16.02,8.268,60.59,16.024,16.023,83.93,9.87,7.14,0.39,-0.26,0.09,0.76,3.71,6.23,11.98
"2017-05-23 18:47:21",16,1,1,17.09,8.093,60.71,17.087,17.088,83.31,9.84,7.1,0.41,-0.24,0.11,0.73,3.61,6.22,12.63
"2017-05-23 18:48:39",17,1,1,18.08,7.538,61.02,18.075,18.068,81.25,9.73,7.05,0.39,-0.28,0.07,0.51,2.65,6.22,11.93
"2017-05-23 18:49:57",18,1,1,19.06,7.262,61.23,19.063,19.064,79.31,9.56,6.99,0.45,-0.29,0.06,0.36,1.99,6.22,12.07
"2017-05-23 18:51:15",19,1,1,20.07,7.043,61.37,20.066,20.067,78.21,9.48,6.95,0.56,-0.31,0.05,0.25,1.53,6.23,12.12
"2017-05-23 18:52:40",20,1,1,21.06,7.006,61.39,21.061,21.061,77.61,9.42,6.91,0.52,-0.28,0.07,0.29,1.72,6.23,12.6
"2017-05-23 18:54:08",21,1,1,22.06,6.965,61.44,22.061,22.061,76.89,9.34,6.88,0.54,-0.32,0.03,0.27,1.59,6.23,12.63
"2017-05-23 18:55:33",22,1,1,23.08,6.918,61.5,23.079,23.078,76.12,9.26,6.86,0.59,-0.28,0.07,0.24,1.47,6.23,12.16
"2017-05-23 18:56:58",23,1,1,24.07,6.885,61.59,24.071,24.072,75.4,9.18,6.84,0.69,-0.3,0.05,0.22,1.38,6.23,12.12
"2017-05-23 18:58:18",24,1,1,24.64,6.863,61.66,24.642,24.641,74.75,9.1,6.82,0.79,-0.3,0.05,0.24,1.5,6.23,12.7
"2017-05-24 00:01:27",25,2,1,0.945,13.256,58.52,0.945,0.945,102.18,10.7,7.61,0.65,-0.12,0.23,2.32,10.47,6.23,11.38
"2017-05-24 00:02:46",26,2,1,2.07,13.116,58.28,2.07,2.07,101.33,10.65,7.59,0.84,-0.16,0.2,2.22,10.03,6.23,11.04
"2017-05-24 00:04:04",27,2,1,3.1,13.046,58.25,3.1,3.101,101.21,10.65,7.58,0.75,-0.07,0.29,2.46,11.08,6.23,10.97
"2017-05-24 00:05:20",28,2,1,4.029,12.908,58.12,4.029,4.029,101.4,10.71,7.6,0.8,-0.17,0.18,2.55,11.46,6.23,10.95
"2017-05-24 00:06:38",29,2,1,5.1,12.288,58.64,5.1,5.1,99.59,10.66,7.56,0.59,-0.05,0.31,2.75,12.34,6.23,10.93
"2017-05-24 00:07:54",30,2,1,6.026,12.142,58.8,6.026,6.026,98.63,10.59,7.51,0.59,-0.13,0.22,2.57,11.54,6.23,10.97
"2017-05-24 00:09:10",31,2,1,7.011,11.754,59.23,7.011,7.012,97.56,10.57,7.44,0.94,-0.05,0.31,3.8,16.83,6.23,11.05
"2017-05-24 00:10:26",32,2,1,8.01,11.017,59.36,8.011,8.011,95.42,10.52,7.32,0.77,-0.03,0.33,3.13,13.97,6.23,10.89
"2017-05-24 00:11:45",33,2,1,9.08,10.413,59.63,9.075,9.075,93.02,10.4,7.23,0.65,-0.11,0.24,3.17,14.14,6.23,11.08
"2017-05-24 00:13:03",34,2,1,10.08,9.992,59.6,10.081,10.081,90.36,10.2,7.13,0.73,-0.15,0.21,2,9.08,6.23,10.94
"2017-05-24 00:14:21",35,2,1,11.08,9.6,59.74,11.083,11.083,89.12,10.15,7.07,0.48,-0.17,0.19,0.95,4.55,6.22,11.38
"2017-05-24 00:15:39",36,2,1,12.07,9.401,59.83,12.07,12.07,88.66,10.15,7.03,0.46,-0.24,0.11,1.5,6.94,6.23,10.9
"2017-05-24 00:16:57",37,2,1,13.07,8.814,60.17,13.07,13.071,85.67,9.95,6.97,0.45,-0.21,0.14,0.97,4.61,6.23,11.4
"2017-05-24 00:18:15",38,2,1,14.05,8.645,60.27,14.053,14.054,85.09,9.92,6.93,0.41,-0.21,0.14,2.98,13.3,6.23,10.79
"2017-05-24 00:19:34",39,2,1,15.07,8.165,60.75,15.071,15.07,83.72,9.87,6.89,0.45,-0.24,0.11,0.89,4.28,6.23,11.37
"2017-05-24 00:20:52",40,2,1,16.05,8.098,60.73,16.054,16.054,83.25,9.84,6.87,0.5,-0.26,0.09,0.68,3.38,6.23,11
"2017-05-24 00:22:11",41,2,1,17.03,7.715,61.02,17.028,17.028,81.82,9.76,6.84,0.43,-0.28,0.07,0.51,2.65,6.23,11.1
"2017-05-24 00:23:30",42,2,1,18.04,7.461,61.18,18.042,18.042,81.16,9.74,6.82,0.43,-0.24,0.11,0.45,2.37,6.23,11.04
"2017-05-24 00:24:49",43,2,1,19.03,7.357,61.13,19.026,19.026,80.04,9.63,6.79,0.38,-0.27,0.08,0.41,2.21,6.23,10.93
"2017-05-24 00:26:08",44,2,1,20.02,7.192,61.26,20.019,20.019,79.04,9.55,6.77,0.42,-0.29,0.06,0.31,1.8,6.23,10.95
"2017-05-24 00:27:34",45,2,1,21.02,7.022,61.41,21.017,21.017,77.35,9.38,6.75,0.6,-0.27,0.08,0.28,1.65,6.23,11.26
"2017-05-24 00:29:00",46,2,1,22.02,6.964,61.41,22.016,22.016,77.07,9.36,6.74,0.57,-0.28,0.07,0.27,1.6,6.23,11.05
"2017-05-24 00:30:26",47,2,1,23.02,6.92,61.45,23.022,23.023,76.71,9.33,6.73,0.55,-0.28,0.07,0.2,1.33,6.23,10.97
"2017-05-24 00:31:52",48,2,1,24.02,6.88,61.53,24.019,24.019,75.68,9.21,6.72,0.71,-0.3,0.05,0.34,1.93,6.23,11.42
"2017-05-24 00:33:17",49,2,1,24.92,6.812,61.65,24.921,24.92,74.68,9.11,6.71,0.75,-0.3,0.06,0.21,1.36,6.23,11.41
"2017-05-24 06:01:27",50,3,1,0.95,13.245,57.85,0.95,0.95,101.6,10.65,7.58,0.69,-0.18,0.18,1.84,8.37,6.23,11.5
"2017-05-24 06:02:46",51,3,1,2.068,13.243,57.84,2.068,2.069,101.6,10.65,7.58,0.58,-0.19,0.17,2.57,11.52,6.23,11.49
"2017-05-24 06:04:04",52,3,1,3.08,13.213,57.86,3.08,3.08,101.35,10.63,7.57,0.64,-0.19,0.17,2.68,12.02,6.23,11.5
"2017-05-24 06:05:20",53,3,1,4.001,12.658,58.76,4.001,4.001,100.05,10.62,7.53,0.63,-0.16,0.2,2.29,10.33,6.23,10.84
"2017-05-24 06:06:39",54,3,1,5.078,12.402,58.52,5.078,5.078,99.49,10.62,7.51,1.11,-0.1,0.26,4.55,20.07,6.23,11.48
"2017-05-24 06:07:55",55,3,1,6.001,12.301,58.64,6.001,6.002,99.44,10.64,7.5,0.77,-0.12,0.24,2.79,12.51,6.23,11.43
"2017-05-24 06:09:11",56,3,1,6.989,11.652,58.87,6.989,6.989,94.31,10.24,7.34,1.27,-0.06,0.3,3.36,14.97,6.23,11.46
"2017-05-24 06:10:30",57,3,1,8.07,10.834,59.14,8.066,8.065,92.97,10.29,7.22,0.73,-0.11,0.24,3.48,15.46,6.23,11.51
"2017-05-24 06:11:48",58,3,1,9.06,10.62,59.29,9.064,9.065,93.14,10.36,7.18,0.77,-0.11,0.25,2.85,12.77,6.23,11.52
"2017-05-24 06:13:06",59,3,1,10.06,10.049,59.66,10.058,10.058,90.79,10.24,7.12,0.6,-0.19,0.16,1.77,8.1,6.23,11.55
"2017-05-24 06:14:25",60,3,1,11.06,9.864,59.46,11.056,11.056,89.89,10.18,7.08,0.61,-0.16,0.19,1.72,7.87,6.23,12.31
"2017-05-24 06:15:43",61,3,1,12.06,9.654,59.57,12.056,12.055,88.51,10.07,7.04,0.54,-0.2,0.15,1.99,9.04,6.23,11.54
"2017-05-24 06:17:02",62,3,1,13.06,9.201,59.84,13.058,13.058,87.38,10.05,7,0.56,-0.23,0.13,1.14,5.38,6.23,12.15
"2017-05-24 06:18:21",63,3,1,14.05,8.388,60.54,14.05,14.051,84.38,9.9,6.93,0.37,-0.25,0.1,0.66,3.3,6.23,12.12
"2017-05-24 06:19:40",64,3,1,15.05,8.276,60.56,15.054,15.054,84.16,9.9,6.9,0.41,-0.26,0.09,0.78,3.81,6.23,12.13
"2017-05-24 06:20:59",65,3,1,16.07,8.081,60.7,16.069,16.068,83.23,9.84,6.87,0.39,-0.25,0.1,0.66,3.31,6.23,12.28
"2017-05-24 06:22:18",66,3,1,17.03,7.658,60.95,17.029,17.029,81.61,9.74,6.84,0.36,-0.24,0.11,1.14,5.36,6.23,12.26
"2017-05-24 06:23:37",67,3,1,18.04,7.288,61.22,18.044,18.043,79.96,9.64,6.81,0.38,-0.27,0.09,0.5,2.59,6.23,12.2
"2017-05-24 06:24:56",68,3,1,19.04,7.206,61.28,19.042,19.043,79.23,9.57,6.79,0.53,-0.26,0.09,0.33,1.87,6.23,12.23
"2017-05-24 06:26:15",69,3,1,20.03,7.148,61.31,20.03,20.03,78.72,9.52,6.77,0.53,-0.27,0.08,0.34,1.91,6.23,11.84
"2017-05-24 06:27:41",70,3,1,21.03,7.06,61.41,21.03,21.03,77.68,9.41,6.76,0.53,-0.26,0.09,0.31,1.77,6.23,11.76
"2017-05-24 06:29:07",71,3,1,22.03,6.949,61.44,22.031,22.031,77.1,9.37,6.75,0.66,-0.29,0.06,0.25,1.55,6.23,11.8
"2017-05-24 06:30:33",72,3,1,23.03,6.904,61.53,23.032,23.032,76.14,9.26,6.74,0.65,-0.27,0.08,0.2,1.3,6.23,11.79
"2017-05-24 06:31:59",73,3,1,24.04,6.87,61.63,24.037,24.037,74.95,9.13,6.72,0.67,-0.29,0.06,0.23,1.43,6.23,12.28
"2017-05-24 06:33:24",74,3,1,24.85,6.842,61.68,24.847,24.846,74.03,9.02,6.71,0.85,-0.27,0.08,0.19,1.27,6.23,12.42
"2017-05-24 12:01:27",75,4,1,0.955,13.71,57.82,0.955,0.956,104.03,10.79,7.71,0.75,-0.26,0.09,0.87,4.21,6.23,12.6
"2017-05-24 12:02:43",76,4,1,2.044,13.295,58.11,2.044,2.043,103.44,10.83,7.7,0.7,-0.19,0.16,1.66,7.59,6.23,11.94
"2017-05-24 12:03:59",77,4,1,3.088,13.059,58.11,3.088,3.088,102.43,10.78,7.67,0.72,-0.18,0.17,1.94,8.82,6.23,11.94
"2017-05-24 12:05:14",78,4,1,4.079,12.874,58.01,4.079,4.078,100.74,10.64,7.61,1.05,-0.14,0.22,3.01,13.43,6.23,12.66
"2017-05-24 12:06:30",79,4,1,5.06,12.505,58.33,5.06,5.06,100.09,10.66,7.55,0.83,-0.15,0.21,2.82,12.61,6.23,11.94
"2017-05-24 12:07:46",80,4,1,6.076,12.048,58.67,6.076,6.076,97.63,10.51,7.41,1.11,-0.13,0.23,2.84,12.69,6.23,12.49
"2017-05-24 12:09:02",81,4,1,7.083,11.174,58.98,7.083,7.084,94.36,10.36,7.28,0.69,-0.16,0.2,2.47,11.11,6.23,12.47
"2017-05-24 12:10:17",82,4,1,8.07,10.948,59.09,8.066,8.066,93.37,10.31,7.21,0.71,-0.14,0.22,2.81,12.58,6.23,12.09
"2017-05-24 12:11:33",83,4,1,9.06,10.584,59.28,9.062,9.062,93.31,10.39,7.17,0.74,-0.14,0.21,2.21,9.98,6.23,12.01
"2017-05-24 12:12:49",84,4,1,10.07,10.249,59.34,10.071,10.072,91.33,10.25,7.12,0.68,-0.17,0.18,2.42,10.9,6.23,12.08
"2017-05-24 12:14:05",85,4,1,11.04,9.975,59.52,11.042,11.041,90.92,10.27,7.09,0.67,-0.14,0.22,1.86,8.47,6.23,11.9
"2017-05-24 12:15:21",86,4,1,12.05,9.636,59.7,12.051,12.05,89.89,10.23,7.06,0.6,-0.19,0.17,2.24,10.1,6.23,11.96
"2017-05-24 12:16:37",87,4,1,13.05,9.223,59.99,13.052,13.051,88.08,10.13,7.02,0.52,-0.22,0.14,1.24,5.81,6.23,11.99
"2017-05-24 12:17:53",88,4,1,14.07,8.321,60.77,14.07,14.069,84.64,9.94,6.95,0.35,-0.26,0.1,0.77,3.75,6.23,11.94
"2017-05-24 12:19:09",89,4,1,15.06,8.163,60.73,15.062,15.061,84.08,9.92,6.91,0.44,-0.26,0.09,0.69,3.43,6.23,11.97
"2017-05-24 12:20:25",90,4,1,16.07,8.061,60.74,16.071,16.07,83.23,9.84,6.89,0.44,-0.24,0.12,0.63,3.15,6.23,12.71
"2017-05-24 12:21:41",91,4,1,17.07,7.825,60.87,17.066,17.066,82.26,9.78,6.86,0.32,-0.24,0.11,0.58,2.93,6.23,11.99
"2017-05-24 12:22:57",92,4,1,18.05,7.49,61.1,18.052,18.053,80.71,9.68,6.84,0.49,-0.26,0.09,0.63,3.16,6.23,11.93
"2017-05-24 12:24:13",93,4,1,19.06,7.295,61.2,19.056,19.056,79.84,9.62,6.81,0.37,-0.26,0.09,0.33,1.86,6.23,11.98
"2017-05-24 12:25:29",94,4,1,20.05,7.136,61.34,20.054,20.053,78.95,9.55,6.79,0.44,-0.25,0.1,0.31,1.8,6.23,11.96
"2017-05-24 12:26:52",95,4,1,21.04,7.086,61.3,21.044,21.044,78.18,9.47,6.78,0.52,-0.26,0.1,0.26,1.57,6.23,11.96
"2017-05-24 12:28:18",96,4,1,22.03,7.046,61.31,22.031,22.031,78,9.46,6.77,0.48,-0.29,0.06,0.31,1.8,6.23,11.96
"2017-05-24 12:29:41",97,4,1,23.05,6.892,61.54,23.051,23.051,76.48,9.31,6.75,0.57,-0.29,0.06,0.25,1.51,6.23,11.9
"2017-05-24 12:31:04",98,4,1,24.06,6.879,61.56,24.056,24.055,75,9.13,6.74,0.8,-0.28,0.08,0.29,1.69,6.23,11.97
"2017-05-24 12:32:26",99,4,1,24.96,6.805,61.72,24.957,24.955,74.07,9.03,6.72,0.77,-0.27,0.08,0.3,1.76,6.23,11.97
"2017-05-24 15:04:08",100,5,1,1.099,13.754,56.34,1.099,1.1,104.03,10.78,7.72,0.56,-0.24,0.13,1.28,5.89,6.17,12.51
"2017-05-24 15:05:23",101,5,1,2.112,13.332,56.21,2.112,2.113,102.77,10.75,7.69,0.69,-0.18,0.18,1.8,8.14,6.18,12.54
"2017-05-24 15:06:38",102,5,1,3.092,13.041,56.26,3.092,3.092,102,10.74,7.63,0.68,-0.15,0.21,1.86,8.39,6.18,12.23
"2017-05-24 15:07:54",103,5,1,4.083,12.605,56.43,4.083,4.082,99.65,10.59,7.57,0.72,-0.07,0.3,3.02,13.34,6.18,12.24
"2017-05-24 15:09:09",104,5,1,5.054,12.341,56.79,5.054,5.053,98.74,10.56,7.5,0.9,-0.12,0.25,2.27,10.14,6.18,12.17
"2017-05-24 15:10:25",105,5,1,6.036,12.052,57,6.036,6.035,96.86,10.43,7.41,0.88,-0.1,0.26,3.31,14.57,6.18,12.73
"2017-05-24 15:11:41",106,5,1,7.075,11.576,57.29,7.075,7.096,94.3,10.26,7.31,0.78,-0.11,0.26,2.62,11.63,6.18,12.13
"2017-05-24 15:12:57",107,5,1,8.08,11.239,57.47,8.08,8.08,93.01,10.2,7.2,0.6,-0.14,0.22,2.53,11.27,6.19,12.65
"2017-05-24 15:14:13",108,5,1,9.09,10.565,57.75,9.085,9.088,91.84,10.23,7.1,0.76,-0.13,0.23,2.24,10.01,6.19,12.62
"2017-05-24 15:15:29",109,5,1,10.05,10.195,57.93,10.053,10.052,89.96,10.11,7.02,0.75,-0.11,0.26,1.91,8.61,6.19,12.53
"2017-05-24 15:16:45",110,5,1,11.02,9.853,58.06,11.024,11.026,89.01,10.08,6.95,0.61,-0.18,0.19,1.63,7.42,6.19,12.43
"2017-05-24 15:18:01",111,5,1,12.08,9.658,58.21,12.079,12.077,87.86,10,6.88,0.66,-0.19,0.18,1.48,6.74,6.19,12.45
"2017-05-24 15:19:17",112,5,1,13.06,9.081,58.68,13.061,13.061,85.43,9.86,6.81,0.48,-0.23,0.14,1.27,5.84,6.19,12.45
"2017-05-24 15:20:33",113,5,1,14.05,8.363,59.21,14.05,14.05,83.11,9.76,6.73,0.48,-0.26,0.11,0.67,3.29,6.19,12.62
"2017-05-24 15:21:51",114,5,1,15.11,8.158,59.38,15.11,15.109,82.38,9.72,6.66,0.43,-0.26,0.11,0.62,3.06,6.19,12.49
"2017-05-24 15:23:07",115,5,1,16,8.042,59.4,15.995,15.996,82.07,9.71,6.62,0.5,-0.25,0.12,0.71,3.45,6.19,12.63
"2017-05-24 15:24:26",116,5,1,17.08,7.813,59.61,17.083,17.081,81.09,9.65,6.59,0.44,-0.26,0.11,0.58,2.91,6.19,12.68
"2017-05-24 15:25:44",117,5,1,18.06,7.563,59.83,18.06,18.061,80.02,9.58,6.56,0.51,-0.29,0.07,0.38,2.07,6.19,12.21
"2017-05-24 15:27:03",118,5,1,19.08,7.266,59.96,19.076,19.07,78.25,9.44,6.51,0.56,-0.29,0.08,0.33,1.83,6.19,12.2
"2017-05-24 15:28:22",119,5,1,20.07,7.144,60.02,20.065,20.064,77.66,9.39,6.48,0.58,-0.28,0.08,0.35,1.91,6.2,12.12
"2017-05-24 15:29:47",120,5,1,21.05,7.073,60.06,21.053,21.053,76.57,9.28,6.46,0.61,-0.28,0.09,0.22,1.37,6.2,12.27
"2017-05-24 15:31:19",121,5,1,22.05,6.978,60.16,22.05,22.058,75.77,9.2,6.44,0.69,-0.3,0.07,0.18,1.2,6.2,12.71
"2017-05-24 15:32:45",122,5,1,23.06,6.908,60.25,23.06,23.058,74.74,9.09,6.43,0.82,-0.31,0.06,0.17,1.16,6.2,12.71
"2017-05-24 15:34:13",123,5,1,24.06,6.868,60.36,24.056,24.057,73.4,8.94,6.42,0.86,-0.33,0.04,0.11,0.9,6.2,12.35
"2017-05-24 15:35:34",124,5,1,24.71,6.824,60.45,24.709,24.707,72.64,8.86,6.41,0.97,-0.29,0.08,0.15,1.09,6.2,12.68
"2017-05-24 18:01:27",125,6,1,0.914,14.721,57.05,0.914,0.913,106.04,10.76,7.72,0.69,-0.24,0.13,1.39,6.38,6.21,12.34
"2017-05-24 18:02:44",126,6,1,2.064,14.457,56.95,2.064,2.063,105.6,10.77,7.72,0.63,-0.19,0.18,1.91,8.62,6.22,12.72
"2017-05-24 18:04:00",127,6,1,3.063,12.939,57.16,3.063,3.063,102.19,10.78,7.69,0.93,-0.14,0.22,2.18,9.75,6.22,12.43
"2017-05-24 18:05:16",128,6,1,4.086,12.667,56.9,4.086,4.085,99.96,10.61,7.64,0.93,-0.05,0.31,3.73,16.38,6.21,12.42
"2017-05-24 18:06:31",129,6,1,5.089,12.306,57.42,5.089,5.087,98.91,10.58,7.56,0.66,-0.12,0.24,5.22,22.77,6.22,12.36
"2017-05-24 18:07:46",130,6,1,6.071,12.215,57.38,6.071,6.07,98.33,10.55,7.49,0.85,-0.04,0.32,2.56,11.36,6.22,12.41
"2017-05-24 18:09:02",131,6,1,7.073,11.71,57.79,7.073,7.072,96.3,10.45,7.42,0.97,-0.03,0.33,3.57,15.7,6.22,12.41
"2017-05-24 18:10:18",132,6,1,8.08,10.97,57.96,8.08,8.08,91.73,10.12,7.3,0.68,-0.15,0.22,2.02,9.09,6.22,12.41
"2017-05-24 18:11:34",133,6,1,9.04,10.57,57.98,9.043,9.044,90.31,10.06,7.16,0.72,-0.14,0.22,2.26,10.08,6.22,12.49
"2017-05-24 18:12:50",134,6,1,10.06,10.098,58.19,10.059,10.058,89.88,10.12,7.07,0.67,-0.1,0.27,1.92,8.65,6.21,12.42
"2017-05-24 18:14:06",135,6,1,11.07,9.832,58.25,11.074,11.075,88.86,10.07,6.98,0.65,-0.15,0.21,1.7,7.7,6.22,12.46
"2017-05-24 18:15:22",136,6,1,12.06,9.481,58.47,12.059,12.059,87.35,9.98,6.91,0.61,-0.24,0.13,0.85,4.08,6.22,12.45
"2017-05-24 18:16:38",137,6,1,13.04,8.743,59,13.041,13.041,84.7,9.85,6.83,0.63,-0.22,0.14,0.99,4.66,6.22,12.45
"2017-05-24 18:17:54",138,6,1,14.04,8.388,59.26,14.04,14.036,83.76,9.83,6.76,0.54,-0.26,0.11,0.77,3.71,6.22,12.45
"2017-05-24 18:19:10",139,6,1,15.06,8.236,59.38,15.063,15.063,83.04,9.78,6.72,0.57,-0.26,0.11,0.68,3.35,6.22,12.4
"2017-05-24 18:20:26",140,6,1,16.07,7.945,59.56,16.068,16.066,82.18,9.74,6.68,0.51,-0.23,0.14,0.67,3.28,6.22,12.44
"2017-05-24 18:21:42",141,6,1,17.03,7.727,59.74,17.032,17.031,80.96,9.65,6.66,0.47,-0.26,0.11,0.57,2.88,6.21,12.8
"2017-05-24 18:22:58",142,6,1,18,7.534,59.84,18.002,18.003,80.06,9.59,6.63,0.59,-0.26,0.11,0.42,2.22,6.22,12.81
"2017-05-24 18:24:17",143,6,1,19.09,7.309,59.95,19.087,19.087,78.66,9.48,6.6,0.55,-0.26,0.11,0.38,2.07,6.22,12.44
"2017-05-24 18:25:35",144,6,1,20.11,7.249,60.01,20.107,20.106,78.32,9.45,6.58,0.65,-0.26,0.11,0.31,1.76,6.22,12.32
"2017-05-24 18:26:58",145,6,1,21.01,7.132,60.05,21.013,21.012,77.46,9.37,6.57,0.66,-0.29,0.08,0.35,1.92,6.22,12.34
"2017-05-24 18:28:24",146,6,1,22.08,7.026,60.14,22.077,22.077,76.27,9.25,6.55,0.73,-0.28,0.09,0.21,1.34,6.22,12.27
"2017-05-24 18:29:52",147,6,1,23.06,6.921,60.29,23.063,23.063,75,9.12,6.53,0.81,-0.29,0.08,0.16,1.1,6.22,12.45
"2017-05-24 18:31:38",148,6,1,25.07,6.818,60.43,25.069,25.043,73.08,8.91,6.5,0.93,-0.29,0.08,0.22,1.36,6.22,12.19
"2017-05-25 00:01:27",149,7,1,0.971,14.964,57,0.971,0.97,105.73,10.67,7.67,0.68,-0.2,0.17,1.48,6.75,6.23,11.51
"2017-05-25 00:02:46",150,7,1,2.076,14.007,57.07,2.076,2.076,104.44,10.76,7.67,0.73,-0.19,0.17,1.99,8.92,6.23,11.2
"2017-05-25 00:04:02",151,7,1,3.016,13.957,56.99,3.016,3.016,104.38,10.77,7.68,0.71,-0.19,0.18,1.82,8.23,6.23,11.13
"2017-05-25 00:05:20",152,7,1,4.079,12.773,57.62,4.079,4.079,101.65,10.76,7.66,0.65,-0.09,0.28,3.02,13.37,6.23,11.48
"2017-05-25 00:06:36",153,7,1,5.015,12.432,57.42,5.015,5.014,97.89,10.45,7.57,0.85,-0.02,0.34,3.05,13.46,6.23,11.06
"2017-05-25 00:07:55",154,7,1,6.088,11.787,57.7,6.088,6.088,96.63,10.46,7.46,0.95,-0.05,0.32,4.4,19.25,6.23,11.46
"2017-05-25 00:09:11",155,7,1,7.009,11.328,59.11,7.009,7.008,95.1,10.41,7.37,0.87,0.04,0.41,2.39,10.64,6.23,11.08
"2017-05-25 00:10:29",156,7,1,8.08,11.106,58.13,8.082,8.082,93.89,10.33,7.27,1.05,-0.08,0.29,4.45,19.47,6.23,11.57
"2017-05-25 00:11:47",157,7,1,9.07,10.765,57.9,9.072,9.071,92.07,10.21,7.17,0.68,-0.08,0.29,2.24,10.03,6.23,11.06
"2017-05-25 09:50:20",158,1,1,0.956,13.842,57.04,0.956,0.953,102.45,10.59,7.56,0.83,-0.19,0.18,2.02,9.09,6.24,12.55
"2017-05-25 09:51:37",159,1,1,2.063,13.816,57.06,2.063,2.054,102.36,10.59,7.56,0.82,-0.18,0.18,1.67,7.57,6.23,12.42
"2017-05-25 09:52:53",160,1,1,3.054,13.767,57.09,3.054,3.053,102.18,10.58,7.56,0.78,-0.2,0.17,1.78,8.05,6.24,12.41
"2017-05-25 09:54:09",161,1,1,4.062,13.296,57.23,4.062,4.072,101.16,10.59,7.54,0.84,-0.18,0.19,2.05,9.19,6.24,12.42
"2017-05-25 09:55:25",162,1,1,5.04,12.949,57.29,5.04,5.042,100.05,10.55,7.49,0.82,-0.15,0.21,2.23,9.98,6.23,12.48
"2017-05-25 09:56:41",163,1,1,6.045,12.726,57.4,6.045,6.043,99.27,10.52,7.44,0.83,-0.17,0.2,2.34,10.44,6.23,12.48
"2017-05-25 09:57:57",164,1,1,7.063,12.709,57.37,7.063,7.072,99.15,10.52,7.4,0.79,-0.14,0.23,2.71,12.04,6.23,12.34
"2017-05-25 09:59:13",165,1,1,8.05,12.392,57.44,8.052,8.046,97.73,10.44,7.33,0.82,-0.12,0.24,2.79,12.38,6.23,12.34
"2017-05-25 10:00:31",166,1,1,9.12,11.384,57.89,9.123,9.122,94.34,10.31,7.24,0.79,-0.13,0.24,2.39,10.66,6.23,12.27
"2017-05-25 10:01:47",167,1,1,10.05,10.77,57.98,10.051,10.056,92.27,10.23,7.13,0.78,-0.13,0.24,1.96,8.83,6.23,12.23
"2017-05-25 10:03:03",168,1,1,11.03,10.116,58.13,11.03,11.036,89.94,10.12,7.02,0.68,-0.18,0.18,1.57,7.13,6.24,12.39
"2017-05-25 10:04:19",169,1,1,12.04,9.741,58.21,12.036,12.039,87.74,9.96,6.94,0.63,-0.21,0.15,1.72,7.77,6.24,12.73
"2017-05-25 10:05:35",170,1,1,13.04,9.215,58.64,13.04,13.036,85.76,9.86,6.87,0.61,-0.24,0.13,0.97,4.59,6.23,12.68
"2017-05-25 10:06:51",171,1,1,14.04,8.466,59.2,14.044,14.052,84.06,9.84,6.81,0.54,-0.26,0.11,0.79,3.79,6.24,12.76
"2017-05-25 10:08:07",172,1,1,15.02,8.279,59.33,15.023,15.02,83.31,9.8,6.78,0.55,-0.27,0.1,0.67,3.28,6.24,12.81
"2017-05-25 10:09:23",173,1,1,16.01,7.884,59.6,16.011,16.03,81.83,9.72,6.74,0.55,-0.26,0.1,0.53,2.72,6.24,12.34
"2017-05-25 10:10:41",174,1,1,17.09,7.741,59.67,17.095,17.096,81.01,9.65,6.72,0.54,-0.26,0.11,0.48,2.46,6.23,12.53
"2017-05-25 10:11:59",175,1,1,18.12,7.523,59.8,18.119,18.099,80.48,9.64,6.7,0.54,-0.26,0.11,0.41,2.17,6.24,12.39
"2017-05-25 10:13:17",176,1,1,19.09,7.335,59.9,19.092,19.087,78.95,9.5,6.67,0.55,-0.26,0.11,0.32,1.8,6.23,12.75
"2017-05-25 10:14:33",177,1,1,20.02,7.218,59.98,20.02,20.019,78.35,9.46,6.66,0.59,-0.28,0.08,0.31,1.75,6.23,12.41
"2017-05-25 10:15:56",178,1,1,21.03,7.121,60.04,21.029,21.027,77.7,9.4,6.64,0.61,-0.28,0.09,0.26,1.54,6.24,12.43
"2017-05-25 10:17:19",179,1,1,22,7.028,60.13,22.004,22.01,76.59,9.29,6.63,0.69,-0.27,0.1,0.2,1.29,6.24,12.41
"2017-05-25 10:18:42",180,1,1,22.99,6.975,60.17,22.993,22.99,76.09,9.24,6.61,0.73,-0.27,0.1,0.2,1.29,6.24,12.41
"2017-05-25 10:20:08",181,1,1,24.04,6.896,60.28,24.04,24.055,74.9,9.11,6.6,0.82,-0.28,0.09,0.16,1.13,6.24,12.43
"2017-05-25 10:21:30",182,1,1,24.89,6.824,60.44,24.89,24.896,73.14,8.92,6.59,0.92,-0.3,0.07,0.11,0.92,6.24,12.42
"2017-05-25 11:18:56",183,2,1,0.966,13.257,57.17,0.966,0.972,100.98,10.58,7.47,0.8,-0.19,0.18,1.83,8.24,6.23,12.22
"2017-05-25 11:20:12",184,2,1,2.04,13.239,57.18,2.04,2.046,100.82,10.57,7.46,0.79,-0.18,0.19,1.89,8.49,6.24,12.19
"2017-05-25 11:21:28",185,2,1,3.061,13.199,57.18,3.061,3.059,100.67,10.56,7.46,0.88,-0.18,0.19,1.92,8.65,6.23,12.15
"2017-05-25 11:22:44",186,2,1,4.071,13.226,57.19,4.071,4.075,100.57,10.54,7.46,0.83,-0.17,0.2,2.37,10.55,6.24,12.16
"2017-05-25 11:24:00",187,2,1,5.068,13.146,57.2,5.068,5.066,100.3,10.53,7.45,0.81,-0.16,0.2,2.35,10.49,6.23,12.17
"2017-05-25 11:25:16",188,2,1,6.085,13.009,57.23,6.085,6.086,99.88,10.52,7.44,0.82,-0.15,0.22,4.36,19.09,6.23,12.15
"2017-05-25 11:26:31",189,2,1,7.069,12.93,57.21,7.069,7.072,99.41,10.49,7.42,0.78,-0.15,0.21,2.16,9.65,6.24,12.15
"2017-05-25 11:27:47",190,2,1,8.07,12.829,57.2,8.072,8.074,98.74,10.44,7.39,0.84,-0.15,0.22,2.42,10.79,6.24,12.12
"2017-05-25 11:29:03",191,2,1,9.04,12.122,57.35,9.044,9.046,95.74,10.29,7.3,0.87,-0.11,0.25,2.45,10.9,6.24,12.13
"2017-05-25 11:30:19",192,2,1,10.04,11.142,58.19,10.04,10.041,93.57,10.28,7.18,0.86,-0.11,0.26,2.16,9.69,6.23,12.12
"2017-05-25 11:31:35",193,2,1,11.02,10.208,58.11,11.021,11.019,90.12,10.12,7.06,0.62,-0.19,0.18,1.66,7.54,6.23,12.12
"2017-05-25 11:32:51",194,2,1,12.04,8.895,58.85,12.035,12.033,85.42,9.9,6.92,0.59,-0.24,0.13,1.02,4.8,6.24,12.05
"2017-05-25 11:34:07",195,2,1,13.05,7.932,59.56,13.05,13.051,81.9,9.71,6.81,0.56,-0.25,0.12,0.56,2.83,6.24,12.12
"2017-05-25 11:35:23",196,2,1,14.05,7.766,59.66,14.047,14.044,81.28,9.68,6.75,0.55,-0.27,0.1,0.52,2.64,6.24,12.12
"2017-05-25 11:36:39",197,2,1,15.05,7.656,59.73,15.053,15.05,80.94,9.67,6.72,0.53,-0.27,0.1,0.48,2.49,6.24,12.12
"2017-05-25 11:37:55",198,2,1,16.06,7.499,59.83,16.06,16.057,80.38,9.64,6.7,0.52,-0.26,0.11,0.38,2.08,6.24,12.12
"2017-05-25 11:39:11",199,2,1,17.01,7.347,59.91,17.008,17.007,79.35,9.55,6.68,0.53,-0.29,0.07,0.33,1.86,6.24,12.12
"2017-05-25 11:40:30",200,2,1,18.12,7.191,60,18.115,18.109,78.7,9.51,6.66,0.61,-0.26,0.11,0.32,1.81,6.23,12.12
"2017-05-25 11:41:46",201,2,1,19.02,7.083,60.07,19.018,19.02,77.64,9.4,6.65,0.6,-0.29,0.08,0.21,1.34,6.24,12.12
"2017-05-25 11:43:02",202,2,1,20.02,7.048,60.1,20.017,20.016,77.33,9.38,6.63,0.6,-0.27,0.1,0.21,1.31,6.24,12.01
"2017-05-25 11:44:27",203,2,1,21.09,6.991,60.13,21.085,21.086,76.88,9.33,6.62,0.68,-0.28,0.09,0.23,1.4,6.24,12.12
"2017-05-25 11:45:50",204,2,1,22.02,6.937,60.24,22.024,22.028,75.49,9.18,6.61,0.8,-0.27,0.09,0.15,1.08,6.24,12.12
"2017-05-25 11:47:13",205,2,1,22.99,6.922,60.25,22.994,22.998,75.12,9.14,6.6,0.78,-0.27,0.1,0.14,1.02,6.24,12.07
"2017-05-25 11:48:39",206,2,1,24.07,6.897,60.26,24.066,24.065,75.18,9.15,6.6,0.78,-0.29,0.07,0.2,1.3,6.24,12
"2017-05-25 11:50:01",207,2,1,24.8,6.873,60.3,24.798,24.796,74.61,9.08,6.6,0.8,-0.3,0.07,0.17,1.14,6.24,12.12
"2017-05-25 12:01:27",208,3,1,0.937,13.15,57.23,0.937,0.939,100.59,10.56,7.43,0.73,-0.14,0.23,2.14,9.6,6.23,11.92
"2017-05-25 12:02:44",209,3,1,2.059,13.158,57.2,2.059,2.058,100.52,10.55,7.44,0.77,-0.14,0.23,2.08,9.31,6.24,11.92
"2017-05-25 12:04:00",210,3,1,3.055,13.152,57.2,3.055,3.055,100.36,10.54,7.44,0.9,-0.15,0.22,2.26,10.09,6.24,11.87
"2017-05-25 12:05:16",211,3,1,4.071,13.146,57.2,4.071,4.072,100.22,10.53,7.44,0.81,-0.13,0.24,2.54,11.29,6.23,11.93
"2017-05-25 12:06:32",212,3,1,5.062,13.151,57.19,5.062,5.062,100.17,10.52,7.44,0.78,-0.15,0.22,2.39,10.67,6.24,11.94
"2017-05-25 12:07:48",213,3,1,6.083,13.139,57.2,6.083,6.083,99.95,10.5,7.44,0.84,-0.16,0.2,2.22,9.92,6.23,11.95
"2017-05-25 12:09:04",214,3,1,7.085,13.099,57.18,7.085,7.084,99.69,10.48,7.43,0.79,-0.14,0.23,2.86,12.68,6.24,11.95
"2017-05-25 12:10:20",215,3,1,8.05,12.933,57.13,8.051,8.049,98.77,10.42,7.4,0.95,-0.14,0.23,2.03,9.11,6.24,11.97
"2017-05-25 12:11:36",216,3,1,9.04,12.146,57.37,9.043,9.043,95.81,10.29,7.33,0.79,-0.12,0.24,2.13,9.55,6.24,11.93
"2017-05-25 12:12:52",217,3,1,10.04,10.166,58.24,10.036,10.037,89.35,10.04,7.16,0.66,-0.19,0.18,1.24,5.74,6.24,12
"2017-05-25 12:14:08",218,3,1,11.03,9.299,58.68,11.034,11.035,86.61,9.94,7.01,0.58,-0.2,0.17,1.21,5.6,6.24,11.98
"2017-05-25 12:15:24",219,3,1,12.05,8.402,59.35,12.052,12.053,83.34,9.77,6.89,0.55,-0.25,0.12,0.77,3.73,6.24,12.08
"2017-05-25 12:16:40",220,3,1,13.05,8.265,59.35,13.047,13.044,82.96,9.76,6.82,0.63,-0.23,0.14,0.73,3.54,6.24,12.12
"2017-05-25 12:17:56",221,3,1,14.06,7.965,59.64,14.061,14.061,82.19,9.74,6.78,0.6,-0.27,0.1,0.55,2.79,6.24,12.12
"2017-05-25 12:19:12",222,3,1,15.03,7.735,59.7,15.034,15.03,81.42,9.7,6.75,0.5,-0.28,0.09,0.5,2.58,6.23,12.12
"2017-05-25 12:20:28",223,3,1,16.04,7.745,59.68,16.039,16.038,81.43,9.7,6.73,0.55,-0.25,0.12,0.55,2.78,6.24,12.12
"2017-05-25 12:21:44",224,3,1,17.03,7.737,59.68,17.034,17.031,81.18,9.68,6.72,0.54,-0.28,0.09,0.48,2.48,6.24,12.14
"2017-05-25 12:23:00",225,3,1,18.01,7.635,59.74,18.014,18.015,80.57,9.63,6.71,0.6,-0.23,0.14,0.55,2.78,6.24,12.17
"2017-05-25 12:24:16",226,3,1,19.02,7.458,59.88,19.021,19.019,79.93,9.59,6.7,0.55,-0.27,0.1,0.33,1.85,6.24,12.17
"2017-05-25 12:25:32",227,3,1,20.03,7.214,60.1,20.032,20.032,78.01,9.42,6.68,0.6,-0.27,0.1,0.27,1.6,6.24,12.18
"2017-05-25 12:26:55",228,3,1,21.03,7.012,60.17,21.03,21.03,76.87,9.33,6.65,0.68,-0.27,0.1,0.18,1.19,6.24,12.25
"2017-05-25 12:28:20",229,3,1,22.1,6.998,60.18,22.096,22.099,76.36,9.27,6.63,0.69,-0.29,0.08,0.18,1.19,6.24,12.26
"2017-05-25 12:29:43",230,3,1,23.02,6.954,60.2,23.023,23.024,76.2,9.26,6.63,0.74,-0.29,0.07,0.15,1.09,6.24,12.3
"2017-05-25 12:31:06",231,3,1,24.03,6.901,60.3,24.031,24.032,74.43,9.06,6.61,0.84,-0.28,0.09,0.13,0.99,6.24,12.24
"2017-05-25 12:32:28",232,3,1,24.82,6.884,60.34,24.82,24.821,74.19,9.03,6.6,0.86,-0.3,0.07,0.17,1.14,6.24,12.32
"2017-05-25 14:35:26",233,4,1,0.91,13.644,57.09,0.91,0.91,101.52,10.54,7.46,0.95,-0.18,0.19,2.25,10.05,6.24,11.87
"2017-05-25 18:01:27",234,5,1,0.923,13.313,57.1,0.923,0.925,100.91,10.56,7.49,0.9,-0.17,0.19,1.63,7.41,6.24,12.17
"2017-05-25 18:02:44",235,5,1,2.054,13.309,57.1,2.054,2.052,100.73,10.54,7.49,0.97,-0.18,0.19,2.35,10.48,6.24,12.17
"2017-05-25 18:04:00",236,5,1,3.058,13.307,57.1,3.058,3.056,100.68,10.54,7.48,0.88,-0.17,0.19,2.5,11.13,6.24,12.13
"2017-05-25 18:05:16",237,5,1,4.068,13.289,57.11,4.068,4.068,100.46,10.52,7.48,0.89,-0.17,0.2,1.85,8.33,6.24,12.15
"2017-05-25 18:06:32",238,5,1,5.061,13.241,57.12,5.061,5.062,100.15,10.5,7.47,0.83,-0.18,0.19,1.91,8.59,6.24,12.14
"2017-05-25 18:07:48",239,5,1,6.084,13.02,57.2,6.084,6.082,99.07,10.43,7.43,0.75,-0.17,0.2,2.1,9.41,6.24,12.12
"2017-05-25 18:09:04",240,5,1,7.083,12.697,57.23,7.083,7.082,97.74,10.37,7.36,0.83,-0.12,0.25,2.21,9.88,6.24,12.12
"2017-05-25 18:10:20",241,5,1,8.04,11.042,58.13,8.044,8.045,92.94,10.24,7.25,0.78,-0.13,0.23,3.3,14.56,6.24,12.14
"2017-05-25 18:11:36",242,5,1,9.02,10.443,58.13,9.022,9.022,90.85,10.15,7.12,0.68,-0.17,0.2,2.14,9.59,6.24,12.13
"2017-05-25 18:12:52",243,5,1,10.03,10.255,58.21,10.033,10.033,90.08,10.11,7.03,0.74,-0.17,0.19,1.09,5.09,6.24,12.12
"2017-05-25 18:14:08",244,5,1,11.03,9.823,58.39,11.034,11.034,88.47,10.03,6.96,0.62,-0.19,0.18,1.39,6.37,6.24,12.12
"2017-05-25 18:15:24",245,5,1,12.06,9.211,58.76,12.055,12.056,86.23,9.92,6.9,0.84,-0.22,0.15,1.02,4.77,6.24,12.12
"2017-05-25 18:16:40",246,5,1,13.04,8.905,58.92,13.041,13.039,84.94,9.84,6.84,0.61,-0.24,0.13,1.02,4.79,6.24,12
"2017-05-25 18:17:56",247,5,1,14.02,8.811,58.99,14.018,14.018,84.71,9.84,6.81,0.58,-0.21,0.16,0.94,4.44,6.24,12.12
"2017-05-25 18:19:12",248,5,1,15.02,8.707,59.05,15.024,15.023,84.49,9.83,6.8,0.49,-0.22,0.15,0.88,4.19,6.24,11.97
"2017-05-25 18:20:28",249,5,1,16.03,8.384,59.31,16.034,16.033,83.07,9.75,6.78,0.56,-0.21,0.15,0.9,4.26,6.24,12.04
"2017-05-25 18:21:46",250,5,1,17.11,8.152,59.45,17.106,17.106,82.57,9.74,6.75,0.54,-0.25,0.12,0.59,2.96,6.24,12.03
"2017-05-25 18:23:04",251,5,1,18.1,7.849,59.68,18.103,18.103,81.51,9.69,6.73,0.53,-0.25,0.12,0.53,2.72,6.24,12.05
"2017-05-25 18:24:22",252,5,1,19.09,7.707,59.69,19.093,19.092,80.79,9.64,6.71,0.58,-0.25,0.12,0.5,2.58,6.24,11.95
"2017-05-25 18:25:40",253,5,1,20.08,7.595,59.78,20.077,20.077,80.42,9.62,6.7,0.53,-0.25,0.12,0.4,2.16,6.24,11.98
"2017-05-25 18:27:05",254,5,1,21.07,7.351,59.95,21.074,21.074,78.43,9.44,6.67,0.53,-0.28,0.08,0.37,2.02,6.24,12
"2017-05-25 18:28:30",255,5,1,22.06,7.178,60.05,22.055,22.057,77.69,9.39,6.64,0.58,-0.28,0.09,0.26,1.55,6.24,12.01
"2017-05-25 18:29:55",256,5,1,23.06,7.099,60.11,23.057,23.057,76.6,9.27,6.63,0.68,-0.27,0.1,0.26,1.52,6.24,11.98
"2017-05-25 18:31:20",257,5,1,24.06,6.945,60.27,24.063,24.063,75.43,9.17,6.61,0.72,-0.26,0.11,0.22,1.38,6.24,11.94
"2017-05-25 18:32:44",258,5,1,24.71,6.936,60.29,24.714,24.711,75.05,9.12,6.6,0.77,-0.27,0.1,0.2,1.3,6.24,11.96
"2017-05-26 00:01:30",259,6,1,0.915,13.391,57.07,0.915,0.915,99.78,10.42,7.43,1,-0.16,0.21,1.88,8.45,6.24,11.54
"2017-05-26 00:02:47",260,6,1,2.03,13.386,57.09,2.03,2.029,99.78,10.42,7.43,0.78,-0.08,0.28,1.8,8.15,6.24,11.54
"2017-05-26 00:04:03",261,6,1,3.031,13.365,57.1,3.031,3.032,99.68,10.42,7.43,0.93,-0.16,0.21,1.53,6.99,6.24,11.53
"2017-05-26 00:05:19",262,6,1,4.026,13.356,57.1,4.026,4.026,99.67,10.42,7.43,0.85,-0.14,0.23,2.15,9.62,6.25,11.48
"2017-05-26 00:06:35",263,6,1,5.026,12.902,57.33,5.026,5.024,97.9,10.34,7.39,0.69,-0.11,0.25,2.4,10.7,6.24,11.54
"2017-05-26 00:07:51",264,6,1,6.037,12.665,57.21,6.037,6.037,96.58,10.25,7.32,0.74,-0.14,0.23,2.26,10.08,6.24,11.53
"2017-05-26 00:09:07",265,6,1,7.05,11.629,57.82,7.05,7.05,93.52,10.16,7.23,0.77,-0.14,0.23,2.26,10.11,6.25,11.52
"2017-05-26 00:10:23",266,6,1,8.02,11.38,57.77,8.024,8.025,93.04,10.17,7.15,0.85,-0.13,0.24,2.7,11.99,6.25,11.53
"2017-05-26 00:11:41",267,6,1,9.09,10.683,58.11,9.087,9.087,91.1,10.12,7.06,0.9,-0.13,0.24,2.02,9.06,6.25,11.53
"2017-05-26 00:12:59",268,6,1,10.1,10.088,58.42,10.096,10.095,89.52,10.08,7,0.67,-0.12,0.25,1.75,7.9,6.24,11.52
"2017-05-26 00:14:17",269,6,1,11.08,9.396,58.87,11.077,11.078,86.7,9.93,6.93,0.93,-0.14,0.23,1.29,5.93,6.24,11.51
"2017-05-26 00:15:33",270,6,1,12.02,9.303,58.72,12.017,12.017,86.01,9.87,6.88,0.53,-0.2,0.17,1.29,5.96,6.25,11.52
"2017-05-26 00:16:52",271,6,1,13.08,9.192,58.79,13.081,13.08,85.65,9.86,6.85,0.73,-0.12,0.24,1.4,6.43,6.25,11.47
"2017-05-26 00:18:08",272,6,1,14,8.765,59.19,14.002,14.002,84.25,9.79,6.82,0.62,-0.19,0.18,1.31,6.03,6.25,11.53
"2017-05-26 00:19:27",273,6,1,15.1,8.308,59.42,15.096,15.096,82.85,9.74,6.78,0.53,-0.23,0.14,0.76,3.67,6.24,11.5
"2017-05-26 00:20:45",274,6,1,16.09,8.127,59.52,16.092,16.091,81.67,9.64,6.75,0.57,-0.22,0.14,0.69,3.4,6.24,11.53
"2017-05-26 00:22:03",275,6,1,17.08,7.896,59.63,17.076,17.076,81.29,9.65,6.73,0.47,-0.19,0.18,0.73,3.54,6.25,11.52
"2017-05-26 00:23:21",276,6,1,18.08,7.733,59.74,18.075,18.075,80.51,9.6,6.71,0.48,-0.25,0.12,0.64,3.15,6.25,11.53
"2017-05-26 00:24:39",277,6,1,19.07,7.652,59.76,19.065,19.064,80.07,9.56,6.69,0.53,-0.27,0.09,0.47,2.45,6.25,11.51
"2017-05-26 00:26:10",278,6,1,20.07,7.568,59.8,20.072,20.073,79.52,9.52,6.68,0.54,-0.24,0.13,0.59,2.94,6.25,11.53
"2017-05-26 00:27:35",279,6,1,21.07,7.47,59.86,21.072,21.073,79.11,9.49,6.67,0.54,-0.23,0.13,0.48,2.48,6.24,11.54
"2017-05-26 00:29:00",280,6,1,22.06,7.069,60.3,22.064,22.063,76.1,9.22,6.65,0.72,-0.29,0.07,0.22,1.37,6.25,11.52
"2017-05-26 00:30:25",281,6,1,23.07,7.026,60.24,23.071,23.07,75.19,9.12,6.62,0.72,-0.29,0.08,0.2,1.31,6.25,11.5
"2017-05-26 00:31:50",282,6,1,24.06,6.984,60.25,24.056,24.057,74.95,9.1,6.61,0.75,-0.29,0.08,0.19,1.23,6.25,11.51
"2017-05-26 00:33:14",283,6,1,24.88,6.942,60.3,24.88,24.879,74.53,9.06,6.6,0.82,-0.27,0.09,0.14,1.01,6.25,11.52
"2017-05-26 06:01:27",284,7,1,0.921,13.364,57,0.921,0.922,99.16,10.36,7.4,0.76,-0.16,0.21,2.11,9.44,6.25,11.51
"2017-05-26 06:02:46",285,7,1,2.094,13.358,57.01,2.094,2.094,99.17,10.37,7.41,0.8,-0.16,0.21,2.84,12.59,6.25,11.51
"2017-05-26 06:04:02",286,7,1,3.032,13.277,57.1,3.032,3.032,99.05,10.37,7.4,0.87,-0.15,0.21,2.05,9.22,6.24,11.5
"2017-05-26 06:05:18",287,7,1,4.021,13.214,57.14,4.021,4.022,98.64,10.34,7.4,0.83,-0.08,0.29,2.11,9.44,6.25,11.5
"2017-05-26 06:06:36",288,7,1,5.103,12.739,57.34,5.103,5.103,97.4,10.32,7.34,1.01,-0.15,0.22,1.69,7.65,6.25,11.51
"2017-05-26 06:07:52",289,7,1,6.027,12.672,57.29,6.027,6.028,97.35,10.33,7.3,0.82,-0.1,0.27,5.7,24.8,6.24,11.51
"2017-05-26 06:09:08",290,7,1,7.014,11.968,57.66,7.014,7.015,95.4,10.29,7.24,1.11,-0.12,0.25,3.24,14.3,6.24,11.44
"2017-05-26 06:10:24",291,7,1,8.03,11.243,58.06,8.028,8.028,93.04,10.2,7.15,0.75,-0.08,0.29,2.52,11.21,6.25,11.51
"2017-05-26 06:11:42",292,7,1,9.09,10.956,58.04,9.088,9.087,92.27,10.18,7.08,0.87,-0.08,0.29,2.04,9.15,6.25,11.5
"2017-05-26 06:12:58",293,7,1,10.01,9.743,58.63,10.011,10.011,88.27,10.02,6.99,0.65,-0.2,0.17,1.52,6.94,6.25,11.5
"2017-05-26 06:14:17",294,7,1,11.09,9.501,58.62,11.092,11.092,87.31,9.97,6.92,0.57,-0.19,0.18,1.33,6.12,6.25,11.48
"2017-05-26 06:15:33",295,7,1,12.01,9.392,58.6,12.012,12.012,87.01,9.96,6.89,0.58,-0.19,0.18,1.15,5.36,6.24,11.5
"2017-05-26 06:16:52",296,7,1,13.1,8.994,58.98,13.099,13.098,85.5,9.88,6.86,0.55,-0.23,0.14,0.75,3.66,6.24,11.44
"2017-05-26 06:18:08",297,7,1,14.02,8.614,59.27,14.018,14.017,84.08,9.81,6.82,0.53,-0.24,0.13,0.8,3.83,6.25,11.51
"2017-05-26 06:19:26",298,7,1,15.08,8.426,59.3,15.076,15.076,83.01,9.73,6.79,0.67,-0.24,0.13,0.72,3.51,6.25,11.48
"2017-05-26 06:20:44",299,7,1,16.09,8.279,59.43,16.09,16.09,82.69,9.73,6.77,0.58,-0.23,0.14,0.69,3.4,6.25,11.51
"2017-05-26 06:22:00",300,7,1,17,7.999,59.55,16.999,16.998,81.74,9.68,6.74,0.53,-0.23,0.14,0.66,3.25,6.24,11.48
"2017-05-26 06:23:19",301,7,1,18.07,7.704,59.76,18.068,18.068,79.79,9.52,6.71,0.57,-0.25,0.12,0.39,2.1,6.25,11.51
"2017-05-26 06:24:37",302,7,1,19.07,7.42,60.06,19.071,19.071,78.33,9.41,6.68,0.64,-0.27,0.1,0.42,2.23,6.24,11.44
"2017-05-26 06:25:55",303,7,1,20.08,7.238,60.12,20.076,20.075,77.05,9.3,6.66,0.68,-0.28,0.08,0.29,1.69,6.25,11.46
"2017-05-26 06:27:20",304,7,1,21.07,7.094,60.25,21.07,21.071,75.7,9.17,6.63,0.65,-0.27,0.1,0.23,1.41,6.24,11.51
"2017-05-26 06:28:45",305,7,1,22.05,7.067,60.18,22.054,22.054,75.95,9.2,6.62,0.73,-0.27,0.1,0.24,1.47,6.25,11.5
"2017-05-26 06:30:11",306,7,1,23.05,6.993,60.25,23.046,23.046,75.22,9.13,6.61,0.84,-0.27,0.1,0.26,1.55,6.25,11.48
"2017-05-26 06:31:37",307,7,1,24.04,6.934,60.37,24.043,24.044,73.87,8.98,6.6,0.87,-0.25,0.12,0.22,1.36,6.25,11.48
"2017-05-26 06:33:01",308,7,1,24.86,6.891,60.48,24.859,24.858,72.88,8.87,6.6,0.94,-0.26,0.1,0.23,1.4,6.25,11.5
"2017-05-26 12:01:27",309,8,1,0.959,13.46,56.95,0.959,0.958,99.92,10.42,7.45,0.82,-0.17,0.2,1.8,8.13,6.25,12.12
"2017-05-26 12:02:44",310,8,1,2.042,13.456,56.96,2.042,2.043,99.9,10.42,7.45,0.82,-0.19,0.18,1.88,8.47,6.25,12.12
"2017-05-26 12:04:00",311,8,1,3.061,13.449,56.97,3.061,3.062,99.67,10.4,7.45,0.74,-0.18,0.18,1.4,6.41,6.25,12.12
"2017-05-26 12:05:16",312,8,1,4.063,13.367,57.04,4.063,4.063,99,10.35,7.43,0.75,-0.16,0.21,2.04,9.15,6.25,12.12
"2017-05-26 12:06:32",313,8,1,5.057,13.324,57.06,5.057,5.057,98.57,10.31,7.41,0.78,-0.2,0.17,2.4,10.69,6.25,12.12
"2017-05-26 12:07:48",314,8,1,6.081,11.801,57.95,6.081,6.081,96.15,10.41,7.3,0.96,-0.1,0.26,3.5,15.39,6.25,12.12
"2017-05-26 12:09:03",315,8,1,7.037,11.79,57.91,7.037,7.037,96.16,10.41,7.23,0.83,-0.11,0.26,3.15,13.9,6.25,12.12
"2017-05-26 12:10:19",316,8,1,8.06,11.006,58.04,8.061,8.06,92.58,10.21,7.12,0.73,-0.13,0.24,1.57,7.14,6.25,12.12
"2017-05-26 12:11:35",317,8,1,9.05,10.903,58,9.045,9.046,91.85,10.15,7.06,0.68,-0.12,0.25,2.07,9.29,6.25,12.12
"2017-05-26 12:12:51",318,8,1,10.03,10.165,58.2,10.029,10.028,89.12,10.02,6.98,0.67,-0.16,0.21,1.36,6.26,6.25,12.12
"2017-05-26 12:14:07",319,8,1,11.03,9.881,58.35,11.03,11.03,88.83,10.05,6.95,0.55,-0.17,0.2,1.32,6.08,6.25,12.12
"2017-05-26 12:15:23",320,8,1,12.05,9.395,58.57,12.051,12.051,86.92,9.95,6.9,0.59,-0.2,0.17,1.2,5.58,6.25,12.12
"2017-05-26 12:16:39",321,8,1,13.03,8.792,59.02,13.034,13.034,84.45,9.81,6.85,0.57,-0.23,0.14,0.87,4.16,6.25,12.12
"2017-05-26 12:17:57",322,8,1,14.12,8.647,59.12,14.121,14.123,84.06,9.8,6.81,0.58,-0.2,0.16,0.91,4.3,6.25,12.12
"2017-05-26 12:19:13",323,8,1,15.06,8.381,59.3,15.064,15.063,83.11,9.75,6.79,0.57,-0.2,0.17,0.77,3.74,6.25,12.17
"2017-05-26 12:20:29",324,8,1,16.04,7.912,59.6,16.042,16.04,80.69,9.58,6.74,0.58,-0.26,0.11,0.57,2.85,6.25,12.16
"2017-05-26 12:21:47",325,8,1,17.11,7.701,59.72,17.106,17.105,79.73,9.51,6.71,0.59,-0.24,0.13,0.55,2.77,6.25,12.15
"2017-05-26 12:23:03",326,8,1,18.03,7.551,59.83,18.031,18.029,78.72,9.42,6.69,0.66,-0.28,0.09,0.44,2.3,6.25,12.16
"2017-05-26 12:24:19",327,8,1,19,7.491,59.86,19.001,19.002,78.68,9.43,6.68,0.6,-0.25,0.12,0.47,2.44,6.25,12.17
"2017-05-26 12:25:38",328,8,1,20.1,7.249,60.05,20.096,20.094,76.5,9.23,6.65,0.67,-0.26,0.11,0.33,1.83,6.25,12.24
"2017-05-26 12:27:01",329,8,1,21.02,7.155,60.11,21.022,21.023,76.17,9.21,6.64,0.7,-0.27,0.1,0.32,1.8,6.25,12.25
"2017-05-26 12:28:24",330,8,1,22.03,7.131,60.13,22.03,22.025,76.19,9.22,6.63,0.74,-0.25,0.12,0.31,1.77,6.25,12.29
"2017-05-26 12:29:47",331,8,1,23.02,7.021,60.26,23.024,23.024,75.04,9.1,6.62,0.81,-0.28,0.08,0.22,1.37,6.25,12.31
"2017-05-26 12:31:10",332,8,1,24.01,6.967,60.31,24.014,24.015,74.6,9.06,6.61,0.78,-0.27,0.1,0.17,1.17,6.25,12.22
"2017-05-26 12:32:35",333,8,1,25.1,6.925,60.37,25.098,25.101,73.69,8.96,6.6,0.88,-0.28,0.09,0.21,1.31,6.25,12.27
"2017-05-26 18:01:27",334,9,1,0.992,13.349,56.92,0.992,0.995,99.74,10.43,7.44,0.8,-0.18,0.19,1.76,7.97,6.25,11.99
"2017-05-26 18:02:43",335,9,1,2.057,13.35,56.92,2.057,2.056,99.7,10.42,7.44,0.75,-0.17,0.19,1.82,8.2,6.25,11.98
"2017-05-26 18:03:59",336,9,1,3.035,13.342,56.94,3.035,3.038,99.57,10.41,7.44,0.93,-0.16,0.21,2.15,9.63,6.25,11.95
"2017-05-26 18:05:15",337,9,1,4.054,13.338,56.94,4.054,4.053,99.45,10.4,7.43,0.81,-0.17,0.19,2.23,9.98,6.25,11.91
"2017-05-26 18:06:31",338,9,1,5.057,13.264,57.03,5.057,5.059,99.01,10.37,7.42,0.78,-0.19,0.18,2.62,11.64,6.25,11.93
"2017-05-26 18:07:47",339,9,1,6.049,12.796,57.46,6.049,6.049,98.57,10.43,7.37,0.87,-0.14,0.23,2.84,12.58,6.25,11.93
"2017-05-26 18:09:03",340,9,1,7.066,11.507,58.05,7.066,7.068,95.05,10.36,7.25,0.85,-0.11,0.25,2.17,9.71,6.25,11.93
"2017-05-26 18:10:19",341,9,1,8.06,11.346,57.97,8.062,8.063,93.83,10.26,7.16,0.75,-0.15,0.22,2.5,11.13,6.25,11.93
"2017-05-26 18:11:35",342,9,1,9.02,10.666,58.12,9.022,9.022,90.94,10.11,7.06,0.72,-0.16,0.2,1.76,7.97,6.25,11.91
"2017-05-26 18:12:53",343,9,1,10.1,10.022,58.25,10.099,10.098,88.83,10.02,6.98,0.64,-0.2,0.16,1.29,5.96,6.25,11.91
"2017-05-26 18:14:09",344,9,1,11.02,9.608,58.44,11.017,11.019,87.61,9.98,6.93,0.59,-0.22,0.15,1.17,5.43,6.25,11.81
"2017-05-26 18:15:25",345,9,1,12.01,9.307,58.64,12.011,12.012,86.92,9.97,6.9,0.59,-0.25,0.12,0.94,4.47,6.25,11.86
"2017-05-26 18:16:41",346,9,1,13.04,8.924,58.92,13.036,13.037,85.27,9.87,6.86,0.55,-0.23,0.14,0.95,4.48,6.25,11.87
"2017-05-26 18:17:57",347,9,1,14.02,8.625,59.13,14.016,14.016,84.33,9.84,6.83,0.54,-0.25,0.12,0.76,3.69,6.25,11.85
"2017-05-26 18:19:13",348,9,1,15.05,8.462,59.23,15.045,15.045,82.94,9.71,6.8,0.53,-0.22,0.15,0.71,3.48,6.25,11.78
"2017-05-26 18:20:31",349,9,1,16.11,8.042,59.5,16.113,16.107,81.4,9.63,6.77,0.54,-0.23,0.14,0.6,3.01,6.25,11.78
"2017-05-26 18:21:49",350,9,1,17.1,7.774,59.69,17.098,17.099,79.74,9.5,6.73,0.56,-0.24,0.13,0.49,2.51,6.25,11.8
"2017-05-26 18:23:05",351,9,1,18,7.576,59.81,17.998,17.996,79.19,9.48,6.71,0.61,-0.25,0.12,0.41,2.17,6.25,11.84
"2017-05-26 18:24:24",352,9,1,19.08,7.287,60.02,19.076,19.076,77.09,9.29,6.68,0.65,-0.26,0.11,0.3,1.71,6.25,11.78
"2017-05-26 18:25:40",353,9,1,20,7.136,60.15,20.004,20.005,76.1,9.21,6.66,0.71,-0.28,0.09,0.26,1.54,6.25,11.81
"2017-05-26 18:26:59",354,9,1,21.08,7.077,60.18,21.08,21.08,75.48,9.14,6.64,0.78,-0.24,0.13,0.29,1.65,6.25,11.81
"2017-05-26 18:28:24",355,9,1,22.09,7.038,60.22,22.085,22.084,75.03,9.1,6.63,0.77,-0.29,0.08,0.21,1.32,6.25,11.81
"2017-05-26 18:29:49",356,9,1,23.09,7.002,60.25,23.092,23.09,74.95,9.1,6.63,0.84,-0.26,0.1,0.25,1.49,6.25,11.8
"2017-05-26 18:31:14",357,9,1,24.08,6.991,60.26,24.081,24.08,75.06,9.11,6.62,0.78,-0.28,0.09,0.18,1.18,6.25,11.76
"2017-05-26 18:32:41",358,9,1,24.73,6.928,60.41,24.726,24.723,73.29,8.91,6.61,0.94,-0.25,0.12,0.23,1.4,6.25,11.8
"2017-05-27 00:01:27",359,10,1,0.965,13.208,56.76,0.965,0.964,99.02,10.38,7.39,0.8,-0.19,0.18,2.19,9.81,6.25,11.51
"2017-05-27 00:02:44",360,10,1,2.014,13.203,56.82,2.014,2.014,98.96,10.38,7.39,0.72,-0.16,0.21,2.16,9.68,6.25,11.49
"2017-05-27 00:04:00",361,10,1,3.024,13.176,56.97,3.024,3.023,99.01,10.39,7.4,0.72,-0.12,0.25,1.75,7.9,6.25,11.48
"2017-05-27 00:05:16",362,10,1,4.03,13.173,56.98,4.03,4.029,98.81,10.37,7.4,0.74,-0.16,0.2,2.1,9.39,6.25,11.51
"2017-05-27 00:06:32",363,10,1,5.042,13.159,57.06,5.042,5.042,98.92,10.39,7.4,0.8,-0.15,0.22,2.19,9.79,6.25,11.45
"2017-05-27 00:07:48",364,10,1,6.012,13.043,57.2,6.012,6.011,98.66,10.38,7.39,0.85,-0.13,0.24,1.56,7.1,6.25,11.48
"2017-05-27 00:09:04",365,10,1,7.015,12.108,58.07,7.015,7.013,96.81,10.41,7.3,0.87,-0.09,0.28,2.1,9.41,6.25,11.48
"2017-05-27 00:10:20",366,10,1,8.02,11.975,57.9,8.025,8.026,95.36,10.28,7.22,0.93,-0.04,0.32,2.86,12.66,6.25,11.53
"2017-05-27 00:11:39",367,10,1,9.09,10.822,58.22,9.09,9.09,90.44,10.01,7.09,0.75,-0.13,0.23,1.65,7.49,6.25,11.5
"2017-05-27 00:12:55",368,10,1,10.01,10.157,58.35,10.014,10.014,89.4,10.05,7.01,0.72,-0.18,0.19,1.6,7.28,6.25,11.53
"2017-05-27 00:14:11",369,10,1,11,9.947001,58.38,11.003,11.003,88.22,9.97,6.96,0.67,-0.18,0.19,1.49,6.81,6.25,11.53
"2017-05-27 00:15:30",370,10,1,12.08,9.638,58.48,12.079,12.079,87.01,9.9,6.92,0.56,-0.23,0.14,1.08,5.03,6.25,11.51
"2017-05-27 00:16:48",371,10,1,13.09,8.754,59.16,13.087,13.088,84.02,9.77,6.86,0.53,-0.24,0.13,0.81,3.89,6.25,11.51
"2017-05-27 00:18:04",372,10,1,14,8.577,59.23,14.001,14.001,83.62,9.76,6.83,0.53,-0.23,0.13,0.76,3.69,6.25,11.52
"2017-05-27 00:19:23",373,10,1,15.09,8.373,59.32,15.092,15.095,82.6,9.69,6.8,0.54,-0.24,0.13,0.75,3.63,6.25,11.51
"2017-05-27 00:20:41",374,10,1,16.1,7.913,59.67,16.099,16.099,80.69,9.58,6.77,0.54,-0.23,0.14,0.59,2.97,6.25,11.52
"2017-05-27 00:21:59",375,10,1,17.07,7.746,59.75,17.069,17.069,79.83,9.51,6.74,0.58,-0.24,0.13,0.5,2.56,6.25,11.51
"2017-05-27 00:23:18",376,10,1,18.08,7.537,59.87,18.081,18.082,78.64,9.42,6.71,0.61,-0.27,0.1,0.44,2.31,6.25,11.52
"2017-05-27 00:24:36",377,10,1,19.07,7.356,60.01,19.065,19.065,77.82,9.36,6.69,0.64,-0.25,0.12,0.38,2.07,6.25,11.52
"2017-05-27 00:25:55",378,10,1,20.07,7.244,60.05,20.073,20.072,76.56,9.24,6.67,0.62,-0.27,0.1,0.26,1.56,6.25,11.52
"2017-05-27 00:27:23",379,10,1,21.06,7.165,60.09,21.062,21.062,76.79,9.28,6.66,0.65,-0.25,0.12,0.27,1.57,6.25,11.45
"2017-05-27 00:28:48",380,10,1,22.07,7.066,60.19,22.066,22.065,75.76,9.18,6.65,0.75,-0.27,0.1,0.21,1.34,6.25,11.47
"2017-05-27 00:30:14",381,10,1,23.07,7.007,60.26,23.074,23.074,74.7,9.07,6.64,0.83,-0.29,0.08,0.21,1.33,6.25,11.5
"2017-05-27 00:31:42",382,10,1,24.06,6.973,60.29,24.058,24.058,74.66,9.07,6.63,0.79,-0.27,0.1,0.22,1.35,6.25,11.47
"2017-05-27 00:33:07",383,10,1,25.06,6.935,60.35,25.06,25.06,73.79,8.97,6.62,0.9,-0.29,0.08,0.2,1.3,6.25,11.46
"2017-05-27 00:34:20",384,10,1,25.06,6.937,60.36,25.059,25.06,73.73,8.96,6.62,0.8,-0.26,0.11,0.17,1.15,6.25,11.48
"2017-05-27 06:01:27",385,11,1,0.949,13.254,56.15,0.949,0.95,98.03,10.27,7.35,0.64,-0.18,0.19,1.88,8.49,6.25,11.47
"2017-05-27 06:02:46",386,11,1,2.095,13.23,56.27,2.095,2.095,97.92,10.26,7.35,0.77,-0.15,0.22,2.32,10.35,6.25,11.49
"2017-05-27 06:04:02",387,11,1,3.025,13.184,56.44,3.025,3.024,97.8,10.26,7.35,0.76,-0.18,0.18,1.83,8.27,6.25,11.47
"2017-05-27 06:05:20",388,11,1,4.091,13.105,56.75,4.091,4.091,98.07,10.31,7.36,0.73,-0.19,0.17,2.39,10.64,6.25,11.48
"2017-05-27 06:06:36",389,11,1,5.026,13.038,57.1,5.026,5.027,98.23,10.34,7.36,0.76,-0.14,0.23,1.86,8.38,6.25,11.48
"2017-05-27 06:07:52",390,11,1,6.011,12.886,57.44,6.011,6.011,98.28,10.38,7.34,0.93,-0.08,0.29,2.59,11.52,6.25,11.49
"2017-05-27 06:09:10",391,11,1,7.092,12.466,57.77,7.092,7.092,96.99,10.34,7.29,0.83,-0.11,0.26,2.12,9.49,6.25,11.49
"2017-05-27 06:10:26",392,11,1,8.01,11.942,57.9,8.013,8.012,94.92,10.24,7.21,0.8,-0.07,0.29,2.56,11.38,6.25,11.49
"2017-05-27 06:11:45",393,11,1,9.08,11.101,58.33,9.082,9.082,92.38,10.16,7.11,0.79,-0.12,0.24,2.26,10.1,6.25,11.48
"2017-05-27 06:13:01",394,11,1,10,10.802,58.31,10.002,10.001,90.68,10.04,7.05,0.79,-0.08,0.29,2.31,10.32,6.25,11.49
"2017-05-27 06:14:20",395,11,1,11.08,10.158,58.58,11.083,11.084,88.57,9.96,7,0.56,-0.22,0.15,1.88,8.46,6.25,11.49
"2017-05-27 06:15:38",396,11,1,12.09,9.498,58.68,12.087,12.087,86.02,9.83,6.92,0.62,-0.21,0.16,1.07,5,6.25,11.48
"2017-05-27 06:16:56",397,11,1,13.07,9.042,58.9,13.071,13.07,84.64,9.77,6.87,0.53,-0.21,0.16,0.92,4.35,6.25,11.42
"2017-05-27 06:18:14",398,11,1,14.08,8.671,59.15,14.081,14.08,83.76,9.76,6.84,0.55,-0.23,0.14,0.9,4.26,6.25,11.49
"2017-05-27 06:19:32",399,11,1,15.09,8.376,59.38,15.091,15.09,82.36,9.66,6.81,0.55,-0.23,0.14,0.75,3.62,6.25,11.5
"2017-05-27 06:20:48",400,11,1,16,7.957,59.75,16.001,16,81.25,9.63,6.78,0.56,-0.26,0.11,0.64,3.17,6.25,11.5
"2017-05-27 06:22:07",401,11,1,17.05,7.78,59.7,17.049,17.05,80.29,9.56,6.75,0.56,-0.25,0.11,0.57,2.89,6.25,11.48
"2017-05-27 06:23:26",402,11,1,18.06,7.565,59.89,18.059,18.059,79.2,9.48,6.73,0.57,-0.26,0.11,0.42,2.23,6.25,11.51
"2017-05-27 06:24:45",403,11,1,19.07,7.459,59.94,19.066,19.065,78.81,9.46,6.71,0.62,-0.25,0.12,0.42,2.21,6.25,11.51
"2017-05-27 06:26:04",404,11,1,20.07,7.318,60.03,20.07,20.07,77.71,9.36,6.69,0.67,-0.26,0.11,0.32,1.78,6.25,11.5
"2017-05-27 06:27:29",405,11,1,21.06,7.249,60.05,21.064,21.064,76.62,9.24,6.67,0.66,-0.26,0.11,0.34,1.87,6.25,11.5
"2017-05-27 06:28:55",406,11,1,22.05,7.161,60.11,22.048,22.047,76.59,9.26,6.66,0.61,-0.27,0.1,0.33,1.83,6.25,11.51
"2017-05-27 06:30:21",407,11,1,23.05,7.035,60.23,23.047,23.048,75.59,9.17,6.65,0.76,-0.28,0.09,0.22,1.37,6.25,11.44
"2017-05-27 06:31:47",408,11,1,24.04,6.998,60.3,24.04,24.04,74.05,8.99,6.63,0.87,-0.27,0.1,0.23,1.43,6.25,11.42
"2017-05-27 06:33:12",409,11,1,24.94,6.882,60.52,24.939,24.938,72.41,8.81,6.62,0.96,-0.31,0.06,0.15,1.09,6.25,11.48
"2017-05-27 12:01:30",410,12,1,0.946,13.733,56.56,0.946,0.946,100.56,10.42,7.46,0.74,-0.24,0.12,0.79,3.8,6.25,12.49
"2017-05-27 12:02:47",411,12,1,2.114,13.493,56.24,2.114,2.115,100,10.42,7.46,0.79,-0.21,0.16,1.49,6.82,6.25,12.43
"2017-05-27 12:04:02",412,12,1,3.066,13.364,56.3,3.066,3.067,99.75,10.42,7.45,0.97,-0.18,0.19,3.88,17.01,6.25,12.36
"2017-05-27 12:05:18",413,12,1,4.107,13.288,56.46,4.107,4.107,99.19,10.38,7.44,0.8,-0.13,0.24,2.32,10.37,6.25,12.27
"2017-05-27 12:06:33",414,12,1,5.099,13.078,56.95,5.099,5.099,98.72,10.38,7.41,0.91,-0.19,0.17,2.06,9.22,6.25,12.22
"2017-05-27 12:07:48",415,12,1,6.095,13.057,57.03,6.095,6.094,98.33,10.35,7.39,0.7,-0.15,0.22,1.89,8.52,6.25,12.19
"2017-05-27 12:09:04",416,12,1,7.098,12.688,57.62,7.098,7.098,97.3,10.32,7.34,0.89,-0.15,0.22,2.69,11.93,6.25,12.15
"2017-05-27 12:10:19",417,12,1,8.05,12.221,57.86,8.054,8.054,95.61,10.25,7.26,1.03,-0.17,0.19,2.57,11.43,6.25,12.12
"2017-05-27 12:11:35",418,12,1,9.07,11.486,58.14,9.073,9.073,92.75,10.11,7.16,1,-0.12,0.25,1.94,8.73,6.25,12
"2017-05-27 12:12:51",419,12,1,10.04,10.83,58.28,10.035,10.035,90.5,10.02,7.08,0.69,-0.13,0.24,1.74,7.89,6.25,12.11
"2017-05-27 12:14:07",420,12,1,11.05,10.176,58.28,11.048,11.047,88.48,9.94,7.01,0.65,-0.21,0.16,1.56,7.09,6.25,12.21
"2017-05-27 12:15:23",421,12,1,12.07,9.164,59.12,12.065,12.065,85.06,9.79,6.94,0.58,-0.19,0.18,1.16,5.39,6.25,12.24
"2017-05-27 12:16:39",422,12,1,13.05,8.846,59.14,13.054,13.055,84.49,9.8,6.9,0.76,-0.22,0.15,0.96,4.54,6.25,12.38
"2017-05-27 12:17:55",423,12,1,14.09,8.614,59.18,14.085,14.083,83.33,9.72,6.86,0.55,-0.24,0.13,0.84,4.03,6.25,12.5
"2017-05-27 12:19:11",424,12,1,15.09,8.279,59.42,15.087,15.088,82.11,9.66,6.83,0.55,-0.25,0.12,0.77,3.72,6.25,12.59
"2017-05-27 12:20:27",425,12,1,16.08,8.041,59.55,16.084,16.084,81.85,9.68,6.8,0.55,-0.24,0.13,0.64,3.16,6.25,12.67
"2017-05-27 12:21:43",426,12,1,17.08,7.871,59.66,17.085,17.084,80.6,9.57,6.78,0.51,-0.26,0.11,0.5,2.59,6.25,12.7
"2017-05-27 12:22:59",427,12,1,18.04,7.584,59.97,18.037,18.045,79.91,9.56,6.76,0.5,-0.26,0.11,0.5,2.57,6.25,12.71
"2017-05-27 12:24:15",428,12,1,19.05,7.391,59.98,19.051,19.05,78.06,9.38,6.72,0.61,-0.28,0.09,0.35,1.91,6.25,12.8
"2017-05-27 12:25:31",429,12,1,20.06,7.312,60.03,20.055,20.055,77.31,9.31,6.71,0.61,-0.27,0.1,0.3,1.73,6.25,12.85
"2017-05-27 12:26:54",430,12,1,21.05,7.197,60.09,21.045,21.049,76.34,9.22,6.68,0.7,-0.28,0.09,0.25,1.5,6.25,12.65
"2017-05-27 12:28:17",431,12,1,22.04,7.049,60.24,22.036,22.035,75.48,9.15,6.66,0.73,-0.26,0.11,0.27,1.6,6.25,12.53
"2017-05-27 12:29:40",432,12,1,23.06,6.965,60.35,23.064,23.063,73.74,8.96,6.65,0.82,-0.3,0.07,0.13,0.97,6.25,12.45
"2017-05-27 12:31:03",433,12,1,24.05,6.933,60.4,24.054,24.054,73.18,8.9,6.63,0.85,-0.28,0.09,0.24,1.47,6.25,12.29
"2017-05-27 12:32:25",434,12,1,24.95,6.928,60.39,24.946,24.945,72.71,8.84,6.62,0.82,-0.29,0.08,0.21,1.33,6.25,12.26
"2017-05-27 18:01:27",435,13,1,0.907,14.526,56.06,0.907,0.907,102.57,10.45,7.52,0.57,-0.21,0.15,1.44,6.61,6.25,12.01
"2017-05-27 18:02:44",436,13,1,2.067,13.491,56.55,2.067,2.068,100.84,10.51,7.51,0.92,-0.12,0.25,2.59,11.49,6.25,12.02
"2017-05-27 18:04:00",437,13,1,3.067,13.332,56.77,3.067,3.066,100.68,10.53,7.51,0.78,-0.1,0.26,2.2,9.85,6.25,11.98
"2017-05-27 18:05:16",438,13,1,4.081,13.244,56.95,4.081,4.08,100.68,10.55,7.51,0.73,-0.11,0.26,2.38,10.63,6.25,11.98
"2017-05-27 18:06:32",439,13,1,5.092,13.2,56.98,5.092,5.091,99.23,10.41,7.46,0.84,-0.1,0.26,2.81,12.47,6.25,11.96
"2017-05-27 18:07:48",440,13,1,6.078,13.074,57.2,6.078,6.078,98.5,10.36,7.42,0.75,-0.07,0.29,4.02,17.61,6.25,11.92
"2017-05-27 18:09:04",441,13,1,7.1,12.766,57.46,7.1,7.099,96.73,10.24,7.35,0.94,-0.07,0.29,2.19,9.78,6.25,11.95
"2017-05-27 18:10:19",442,13,1,8.07,12.096,57.8,8.071,8.071,94.18,10.13,7.25,0.74,0.03,0.39,2.69,11.92,6.25,11.96
"2017-05-27 18:11:35",443,13,1,9.06,11.273,58.22,9.056,9.057,91.97,10.08,7.16,0.76,-0.11,0.25,2.17,9.73,6.25,11.91
"2017-05-27 18:12:51",444,13,1,10.04,10.741,58.29,10.04,10.04,89.03,9.88,7.08,0.65,-0.19,0.18,1.72,7.78,6.25,11.96
"2017-05-27 18:14:07",445,13,1,11.04,9.861,58.61,11.036,11.035,86.54,9.8,7.01,0.61,-0.19,0.17,1.4,6.42,6.25,11.94
"2017-05-27 18:15:23",446,13,1,12.06,9.352,58.65,12.06,12.06,84.65,9.7,6.95,0.6,-0.22,0.14,0.94,4.47,6.25,11.93
"2017-05-27 18:16:39",447,13,1,13.04,8.817,59.04,13.039,13.037,83.47,9.69,6.9,0.59,-0.24,0.13,0.86,4.12,6.25,11.94
"2017-05-27 18:17:55",448,13,1,14.05,8.632,59.22,14.05,14.049,82.34,9.6,6.86,0.57,-0.21,0.15,0.9,4.26,6.25,11.88
"2017-05-27 18:19:11",449,13,1,15.06,8.491,59.32,15.06,15.059,82.04,9.6,6.84,0.51,-0.25,0.12,0.84,4.04,6.25,11.93
"2017-05-27 18:20:27",450,13,1,16.07,8.195,59.5,16.065,16.066,81.79,9.64,6.82,0.52,-0.25,0.12,0.7,3.43,6.25,11.93
"2017-05-27 18:21:43",451,13,1,17.03,7.87,59.78,17.025,17.025,81.04,9.63,6.8,0.58,-0.24,0.13,0.57,2.88,6.26,11.94
"2017-05-27 18:22:59",452,13,1,18.02,7.734,59.78,18.02,18.021,79.9,9.52,6.78,0.58,-0.26,0.11,0.35,1.95,6.25,11.93
"2017-05-27 18:24:15",453,13,1,19.02,7.635,59.79,19.02,19.017,79.41,9.49,6.76,0.68,-0.23,0.14,0.6,2.99,6.26,11.93
"2017-05-27 18:25:31",454,13,1,20.02,7.393,60.04,20.023,20.024,78.85,9.48,6.74,0.56,-0.25,0.11,0.38,2.05,6.25,11.91
"2017-05-27 18:26:54",455,13,1,21.01,7.322,60.05,21.01,21.01,77.74,9.36,6.72,0.65,-0.27,0.1,0.25,1.5,6.26,11.87
"2017-05-27 18:28:17",456,13,1,22.02,7.221,60.09,22.017,22.017,76.4,9.22,6.7,0.69,-0.3,0.07,0.23,1.43,6.25,11.93
"2017-05-27 18:29:42",457,13,1,23.09,7.083,60.2,23.089,23.089,74.79,9.06,6.68,0.75,-0.29,0.08,0.23,1.4,6.25,11.91
"2017-05-27 18:31:11",458,13,1,24.02,6.961,60.38,24.015,24.016,73.35,8.91,6.66,0.94,-0.28,0.09,0.18,1.19,6.26,11.89
"2017-05-27 18:32:33",459,13,1,24.83,6.926,60.42,24.831,24.83,72.51,8.82,6.64,0.87,-0.3,0.07,0.1,0.86,6.25,11.84
"2017-05-28 00:01:27",460,14,1,0.928,14.608,56.11,0.928,0.928,102.39,10.41,7.51,0.56,-0.19,0.18,1.6,7.29,6.25,11.58
"2017-05-28 00:02:44",461,14,1,2.031,13.62,56.8,2.031,2.032,101.53,10.55,7.53,0.63,-0.12,0.25,1.55,7.08,6.25,11.66
"2017-05-28 00:04:00",462,14,1,3.052,13.493,56.33,3.052,3.052,100.34,10.46,7.5,0.71,-0.19,0.18,2.05,9.19,6.25,11.67
"2017-05-28 00:05:16",463,14,1,4.056,13.324,56.7,4.056,4.056,100.47,10.51,7.5,0.71,-0.09,0.28,2.38,10.59,6.25,11.67
"2017-05-28 00:06:32",464,14,1,5.049,13.228,57.08,5.049,5.049,99.3,10.41,7.44,0.97,-0.15,0.22,2.23,9.99,6.25,11.6
"2017-05-28 00:07:48",465,14,1,6.047,13.013,57.31,6.047,6.048,97.9,10.31,7.39,0.84,0.03,0.39,2.75,12.17,6.25,11.67
"2017-05-28 00:09:04",466,14,1,7.042,12.501,57.56,7.042,7.041,96.04,10.23,7.31,0.97,-0.09,0.27,2.6,11.56,6.25,11.67
"2017-05-28 00:10:20",467,14,1,8.03,12.274,57.75,8.031,8.032,95.44,10.22,7.24,0.87,-0.08,0.29,2.89,12.8,6.25,11.68
"2017-05-28 00:11:38",468,14,1,9.09,11.216,58.18,9.088,9.088,91.16,10,7.15,0.87,-0.16,0.21,1.96,8.81,6.25,11.65
"2017-05-28 00:12:54",469,14,1,10.03,10.541,58.31,10.028,10.028,89,9.92,7.07,0.65,-0.16,0.21,1.94,8.73,6.25,11.67
"2017-05-28 00:14:12",470,14,1,11.09,9.658,58.77,11.088,11.087,87.5,9.96,7,0.53,-0.21,0.16,1.36,6.27,6.25,11.66
"2017-05-28 00:15:30",471,14,1,12.11,9.254,58.9,12.108,12.109,85.42,9.81,6.95,0.61,-0.23,0.14,0.99,4.67,6.25,11.6
"2017-05-28 00:16:46",472,14,1,13,9.005,59,13.002,13.003,84.94,9.82,6.92,0.53,-0.21,0.16,0.85,4.06,6.25,11.63
"2017-05-28 00:18:02",473,14,1,14.03,8.657,59.25,14.027,14.026,83.39,9.72,6.88,0.53,-0.26,0.11,0.78,3.75,6.25,11.6
"2017-05-28 00:19:18",474,14,1,15.03,8.415,59.46,15.032,15.032,82.23,9.64,6.85,0.54,-0.22,0.15,0.91,4.32,6.25,11.66
"2017-05-28 00:20:34",475,14,1,16.02,8.178,59.6,16.022,16.022,81.03,9.55,6.82,0.56,-0.23,0.14,0.69,3.39,6.25,11.67
"2017-05-28 00:21:52",476,14,1,17.08,8.029,59.61,17.076,17.076,81.78,9.68,6.81,0.7,-0.25,0.12,0.59,2.95,6.25,11.59
"2017-05-28 00:23:10",477,14,1,18.08,7.667,59.95,18.076,18.077,80.49,9.61,6.79,0.56,-0.26,0.11,0.51,2.62,6.25,11.65
"2017-05-28 00:24:28",478,14,1,19.08,7.51,59.96,19.08,19.08,79.34,9.51,6.76,0.52,-0.28,0.09,0.46,2.39,6.25,11.62
"2017-05-28 00:25:44",479,14,1,19.99,7.44,59.96,19.991,19.992,78.1,9.38,6.75,0.58,-0.28,0.09,0.32,1.79,6.25,11.66
"2017-05-28 00:27:10",480,14,1,21.05,7.253,60.14,21.054,21.054,77.04,9.29,6.72,0.64,-0.29,0.08,0.21,1.34,6.25,11.64
"2017-05-28 00:28:35",481,14,1,22.09,7.159,60.14,22.09,22.089,76.43,9.24,6.7,0.91,-0.27,0.1,0.21,1.32,6.25,11.66
"2017-05-28 00:30:01",482,14,1,23.07,7.056,60.23,23.074,23.074,75.23,9.12,6.69,0.76,-0.27,0.1,0.28,1.62,6.25,11.59
"2017-05-28 00:31:24",483,14,1,24,7.022,60.26,23.998,23.997,74.03,8.98,6.67,0.81,-0.27,0.1,0.14,1.04,6.26,11.62
"2017-05-28 00:32:52",484,14,1,24.8,6.959,60.32,24.801,24.801,73.82,8.97,6.66,0.79,-0.29,0.08,0.2,1.27,6.25,11.63
"2017-05-28 06:01:30",485,15,1,0.949,14.103,56.06,0.949,0.95,100.69,10.35,7.46,0.65,-0.21,0.16,1.12,5.22,6.25,11.55
"2017-05-28 06:02:47",486,15,1,2.029,14.058,56.13,2.029,2.03,100.77,10.37,7.46,0.71,-0.2,0.17,1.66,7.55,6.25,11.57
"2017-05-28 06:04:03",487,15,1,3.028,13.477,56.89,3.028,3.029,100.67,10.49,7.48,0.68,-0.18,0.19,2.01,9.04,6.25,11.6
"2017-05-28 06:05:19",488,15,1,4.026,13.234,57.01,4.026,4.026,99.33,10.41,7.44,0.76,-0.19,0.18,2.56,11.39,6.25,11.64
"2017-05-28 06:06:35",489,15,1,5.024,13.102,57.33,5.024,5.023,97.29,10.23,7.37,0.87,-0.15,0.21,2.71,12.01,6.25,11.61
"2017-05-28 06:07:51",490,15,1,6.043,12.972,57.6,6.043,6.043,97.56,10.28,7.33,0.86,0.04,0.41,2.46,10.96,6.25,11.74
"2017-05-28 06:09:07",491,15,1,7.048,12.568,57.55,7.048,7.049,96.05,10.22,7.28,0.94,-0.04,0.33,2.78,12.33,6.25,11.78
"2017-05-28 06:10:23",492,15,1,8.04,12.228,57.76,8.039,8.039,94.61,10.14,7.22,1.06,-0.07,0.3,2.55,11.34,6.25,11.82
"2017-05-28 06:11:41",493,15,1,9.08,11.26,58,9.083,9.083,92.03,10.09,7.14,0.75,-0.13,0.24,1.85,8.33,6.25,11.86
"2017-05-28 06:12:57",494,15,1,10.02,10.297,58.29,10.022,10.022,88.26,9.89,7.06,0.62,-0.19,0.17,1.53,6.96,6.25,11.91
"2017-05-28 06:14:13",495,15,1,11.02,9.733,58.66,11.023,11.024,87.27,9.91,7,0.63,-0.18,0.19,1.36,6.24,6.25,11.97
"2017-05-28 06:15:31",496,15,1,12.09,9.196,58.82,12.092,12.092,85.28,9.81,6.95,0.63,-0.16,0.21,1.11,5.18,6.25,11.99
"2017-05-28 06:16:47",497,15,1,13.02,8.902,59,13.019,13.019,84.43,9.78,6.91,0.6,-0.18,0.18,1.28,5.89,6.25,12.06
"2017-05-28 06:18:03",498,15,1,14.03,8.482,59.41,14.031,14.031,82.9,9.7,6.88,0.53,-0.22,0.15,0.77,3.71,6.25,12.12
"2017-05-28 06:19:19",499,15,1,15.05,8.343,59.41,15.048,15.048,82.13,9.64,6.85,0.49,-0.27,0.1,0.62,3.08,6.26,12.12
"2017-05-28 06:20:35",500,15,1,16.05,8.042,59.63,16.051,16.052,81.7,9.66,6.82,0.53,-0.25,0.12,0.69,3.38,6.25,12.16
"2017-05-28 06:21:51",501,15,1,17.01,7.853,59.7,17.011,17.011,80.82,9.61,6.81,0.51,-0.27,0.1,0.41,2.19,6.25,12.12
"2017-05-28 06:23:10",502,15,1,18.1,7.612,59.84,18.1,18.099,79.33,9.48,6.78,0.51,-0.27,0.1,0.44,2.33,6.25,12.22
"2017-05-28 06:24:26",503,15,1,19.02,7.489,59.91,19.019,19.019,78.44,9.41,6.76,0.61,-0.26,0.11,0.35,1.93,6.25,12.25
"2017-05-28 06:25:42",504,15,1,20.01,7.316,60.05,20.009,20.009,77.17,9.29,6.74,0.58,-0.28,0.08,0.3,1.73,6.25,12.3
"2017-05-28 06:27:07",505,15,1,21.09,7.21,60.12,21.087,21.087,76.72,9.26,6.72,0.6,-0.28,0.09,0.26,1.53,6.25,12.24
"2017-05-28 06:28:32",506,15,1,22.09,7.131,60.17,22.087,22.087,75.84,9.18,6.7,0.67,-0.27,0.1,0.33,1.85,6.25,12.34
"2017-05-28 06:29:57",507,15,1,23.1,7.04,60.23,23.101,23.101,75.09,9.1,6.68,0.74,-0.28,0.09,0.16,1.13,6.25,12.32
"2017-05-28 06:31:22",508,15,1,24.09,6.95,60.37,24.093,24.093,72.82,8.85,6.66,0.84,-0.28,0.09,0.14,1.02,6.25,12.32
"2017-05-28 06:32:43",509,15,1,24.74,6.915,60.45,24.742,24.742,72.35,8.8,6.65,0.88,-0.27,0.1,0.22,1.36,6.26,12.36
"2017-05-28 12:01:30",510,16,1,0.921,14.579,55.21,0.921,0.921,102.74,10.45,7.54,0.57,-0.29,0.08,0.45,2.37,6.26,12.13
"2017-05-28 12:02:47",511,16,1,2.115,13.809,56.22,2.115,2.114,101.98,10.55,7.56,0.69,-0.23,0.14,1.18,5.49,6.26,12.12
"2017-05-28 12:04:02",512,16,1,3.072,13.37,56.89,3.072,3.072,101.04,10.56,7.55,0.78,-0.14,0.23,2.17,9.7,6.25,11.94
"2017-05-28 12:05:18",513,16,1,4.123,13.189,57.3,4.123,4.117,98.61,10.34,7.44,0.7,-0.19,0.18,1.65,7.5,6.25,12.69
"2017-05-28 12:06:33",514,16,1,5.121,13.089,57.52,5.121,5.12,98.05,10.31,7.37,0.74,-0.13,0.24,1.93,8.69,6.25,12.12
"2017-05-28 12:07:48",515,16,1,6.118,13.041,57.35,6.118,6.117,97.75,10.29,7.36,0.79,-0.19,0.17,2.75,12.2,6.25,12
"2017-05-28 12:09:03",516,16,1,7.102,12.753,57.44,7.102,7.105,96.42,10.22,7.3,0.77,-0.14,0.22,2.36,10.53,6.25,12
"2017-05-28 12:10:18",517,16,1,8.09,12.037,57.73,8.086,8.083,93.6,10.08,7.21,0.74,-0.18,0.19,2.2,9.85,6.25,12.54
"2017-05-28 12:11:33",518,16,1,9.09,10.95,58.02,9.094,9.086,90.37,9.97,7.12,0.71,-0.16,0.2,1.41,6.46,6.25,12.12
"2017-05-28 12:12:49",519,16,1,10.08,10.184,58.29,10.077,10.082,87.47,9.83,7.04,0.59,-0.23,0.14,1.37,6.3,6.25,12.12
"2017-05-28 12:14:05",520,16,1,11.08,9.494,58.64,11.077,11.081,86.29,9.86,6.99,0.63,-0.23,0.14,1,4.69,6.26,12.12
"2017-05-28 12:15:20",521,16,1,12.06,9.233,58.77,12.055,12.05,85.45,9.82,6.95,0.59,-0.23,0.14,1.34,6.15,6.25,12.02
"2017-05-28 12:16:36",522,16,1,13.09,8.92,59,13.091,13.087,84.34,9.77,6.92,0.53,-0.22,0.15,0.85,4.05,6.26,12.43
"2017-05-28 12:17:52",523,16,1,14.12,8.597,59.25,14.115,14.111,83.02,9.69,6.88,0.56,-0.28,0.09,0.76,3.66,6.26,12.21
"2017-05-28 12:19:07",524,16,1,15.08,8.149,59.5,15.084,15.085,81.27,9.59,6.85,0.58,-0.27,0.1,0.53,2.71,6.26,12.12
"2017-05-28 12:20:23",525,16,1,16.09,7.984,59.64,16.09,16.093,81.31,9.63,6.83,0.57,-0.26,0.11,0.52,2.67,6.26,12.12
"2017-05-28 12:21:39",526,16,1,17.08,7.696,59.87,17.079,17.081,80.32,9.58,6.81,0.55,-0.27,0.1,0.38,2.05,6.26,12.12
"2017-05-28 12:22:55",527,16,1,18.04,7.52,59.91,18.044,18.045,79.14,9.48,6.79,0.52,-0.29,0.08,0.41,2.2,6.25,12.45
"2017-05-28 12:24:11",528,16,1,19.07,7.436,59.94,19.071,19.071,79.15,9.5,6.77,0.5,-0.29,0.08,0.41,2.17,6.25,12.2
"2017-05-28 12:25:27",529,16,1,20.06,7.3,60.04,20.058,20.06,78.02,9.4,6.75,0.6,-0.26,0.11,0.31,1.76,6.26,12.12
"2017-05-28 12:26:50",530,16,1,21.05,7.149,60.13,21.049,21.048,75.76,9.16,6.73,0.68,-0.29,0.08,0.24,1.48,6.25,12.02
"2017-05-28 12:28:13",531,16,1,22.03,7.081,60.21,22.032,22.03,75.13,9.1,6.7,0.67,-0.28,0.09,0.23,1.43,6.25,12.12
"2017-05-28 12:29:36",532,16,1,23.03,7.084,60.27,23.027,23.026,74.08,8.97,6.68,0.75,-0.27,0.1,0.17,1.18,6.26,12.57
"2017-05-28 12:30:59",533,16,1,24.07,7.014,60.36,24.069,24.07,73.27,8.89,6.67,0.84,-0.29,0.08,0.16,1.12,6.25,12.12
"2017-05-28 12:32:20",534,16,1,24.85,6.971,60.37,24.851,24.852,73.26,8.9,6.65,0.88,-0.3,0.07,0.18,1.19,6.26,12.08
"2017-05-28 18:01:27",535,17,1,1.001,14.171,56.68,1.001,0.999,103.08,10.58,7.59,0.75,-0.23,0.14,0.8,3.87,6.25,11.96
"2017-05-28 18:02:43",536,17,1,2.131,13.992,56.77,2.131,2.132,102.57,10.57,7.58,0.69,-0.21,0.16,2.13,9.53,6.25,12.15
"2017-05-28 18:03:58",537,17,1,3.112,13.322,57.13,3.112,3.112,100.38,10.5,7.51,0.73,-0.16,0.21,1.98,8.88,6.25,12.2
"2017-05-28 18:05:13",538,17,1,4.107,13.201,57.27,4.107,4.109,99.45,10.43,7.45,0.84,-0.17,0.2,1.85,8.34,6.25,12.24
"2017-05-28 18:06:28",539,17,1,5.103,13.144,57.33,5.103,5.105,98.43,10.34,7.41,0.87,-0.16,0.2,2.28,10.16,6.25,12.32
"2017-05-28 18:07:43",540,17,1,6.096,12.996,57.57,6.096,6.101,97.77,10.3,7.36,0.79,-0.12,0.24,2.7,11.98,6.25,12.51
"2017-05-28 18:08:58",541,17,1,7.12,12.733,57.51,7.12,7.117,96.51,10.23,7.29,0.89,-0.12,0.25,2.32,10.36,6.26,12.47
"2017-05-28 18:10:13",542,17,1,8.1,11.995,57.58,8.097,8.097,93.02,10.02,7.19,0.71,-0.14,0.23,1.91,8.59,6.25,12.46
"2017-05-28 18:11:29",543,17,1,9.08,10.897,57.94,9.083,9.081,88.55,9.79,7.08,0.66,-0.19,0.18,1.56,7.1,6.25,12.42
"2017-05-28 18:12:45",544,17,1,10.09,10.338,58.17,10.087,10.088,88.14,9.87,7.02,0.67,-0.21,0.16,1.38,6.35,6.26,12.4
"2017-05-28 18:14:01",545,17,1,11.08,9.671,58.51,11.078,11.076,86.64,9.85,6.98,0.62,-0.24,0.13,1.15,5.37,6.26,12.44
"2017-05-28 18:15:17",546,17,1,12.08,9.159,58.81,12.078,12.076,85.11,9.8,6.94,0.57,-0.25,0.11,0.91,4.34,6.25,12.61
"2017-05-28 18:16:33",547,17,1,13.11,8.921,58.95,13.105,13.103,84.44,9.78,6.9,0.65,-0.23,0.14,0.88,4.2,6.26,12.35
"2017-05-28 18:17:49",548,17,1,14.1,8.717,59.08,14.096,14.095,84.04,9.78,6.88,0.48,-0.23,0.13,0.78,3.78,6.25,12.17
"2017-05-28 18:19:04",549,17,1,15.07,8.433,59.33,15.07,15.07,81.93,9.6,6.85,0.55,-0.27,0.1,0.67,3.28,6.26,12.19
"2017-05-28 18:20:20",550,17,1,16.08,8.199,59.44,16.076,16.075,82.17,9.68,6.83,0.52,-0.24,0.12,0.57,2.86,6.25,12.15
"2017-05-28 18:21:36",551,17,1,17.04,7.972,59.61,17.043,17.045,81.03,9.6,6.81,0.55,-0.25,0.12,0.54,2.76,6.26,12.12
"2017-05-28 18:22:52",552,17,1,18.04,7.694,59.76,18.043,18.039,80.07,9.55,6.79,0.5,-0.27,0.1,0.42,2.22,6.25,12.12
"2017-05-28 18:24:08",553,17,1,19.05,7.442,59.93,19.045,19.046,79.3,9.52,6.76,0.51,-0.27,0.1,0.27,1.59,6.26,12.12
"2017-05-28 18:25:24",554,17,1,20.03,7.244,60.07,20.026,20.025,76.2,9.19,6.74,0.65,-0.26,0.11,0.27,1.58,6.26,12.07
"2017-05-28 18:26:49",555,17,1,21.13,7.163,60.12,21.126,21.125,75.65,9.14,6.71,0.63,-0.29,0.08,0.24,1.44,6.25,12.14
"2017-05-28 18:28:11",556,17,1,22.05,7.124,60.19,22.048,22.047,75.03,9.08,6.69,0.78,-0.29,0.07,0.22,1.39,6.25,12.17
"2017-05-28 18:29:34",557,17,1,23.05,7.06,60.32,23.047,23.044,73.6,8.92,6.68,0.78,-0.28,0.09,0.22,1.36,6.26,12.28
"2017-05-28 18:30:57",558,17,1,24.03,6.995,60.41,24.034,24.032,72.67,8.82,6.66,0.83,-0.28,0.09,0.18,1.19,6.25,12.51
"2017-05-28 18:32:19",559,17,1,24.84,6.961,60.39,24.843,24.841,72.9,8.86,6.65,0.82,-0.3,0.07,0.17,1.16,6.26,12.29
"2017-05-29 00:01:27",560,18,1,1.003,13.818,57.34,1.003,1.003,100.9,10.44,7.48,0.69,-0.2,0.17,3.06,13.51,6.26,11.65
"2017-05-29 00:02:44",561,18,1,2.097,13.78,57.31,2.097,2.097,100.8,10.44,7.48,0.73,-0.19,0.18,1.61,7.31,6.26,11.59
"2017-05-29 00:04:00",562,18,1,3.058,13.582,57.13,3.058,3.057,100.24,10.42,7.48,0.76,-0.19,0.18,2.03,9.13,6.26,11.56
"2017-05-29 00:05:16",563,18,1,4.067,13.417,57,4.067,4.065,99.74,10.41,7.46,0.69,-0.17,0.2,1.24,5.75,6.25,11.66
"2017-05-29 00:06:32",564,18,1,5.051,13.347,56.98,5.051,5.055,99.57,10.41,7.44,0.79,-0.16,0.21,1.7,7.68,6.26,11.66
"2017-05-29 00:07:48",565,18,1,6.041,13.229,56.95,6.041,6.038,98.55,10.33,7.41,0.79,-0.16,0.21,1.63,7.39,6.26,11.63
"2017-05-29 00:09:04",566,18,1,7.05,13.081,56.94,7.05,7.055,97.34,10.24,7.37,0.75,-0.18,0.19,2.02,9.06,6.26,11.62
"2017-05-29 00:10:20",567,18,1,8.03,11.216,57.69,8.034,8.035,89.51,9.82,7.17,0.62,-0.16,0.2,1.74,7.86,6.26,11.61
"2017-05-29 00:11:36",568,18,1,9.02,10.751,57.89,9.018,9.019,88.41,9.8,7.05,0.68,-0.18,0.19,2.1,9.41,6.26,11.66
"2017-05-29 00:12:54",569,18,1,10.12,9.79,58.43,10.115,10.116,86.67,9.83,6.99,0.6,-0.21,0.15,1.23,5.68,6.26,11.66
"2017-05-29 00:14:10",570,18,1,11.05,9.529,58.59,11.046,11.044,85.9,9.8,6.95,0.58,-0.22,0.15,1.03,4.82,6.26,11.64
"2017-05-29 00:15:26",571,18,1,12.03,9.091,58.88,12.03,12.03,84.22,9.71,6.92,0.58,-0.23,0.14,0.91,4.31,6.25,11.65
"2017-05-29 00:16:42",572,18,1,13.03,8.823,59.02,13.028,13.032,84.38,9.79,6.89,0.54,-0.25,0.12,0.77,3.73,6.26,11.65
"2017-05-29 00:17:58",573,18,1,14.03,8.484,59.26,14.03,14.029,82.47,9.65,6.86,0.53,-0.24,0.12,0.66,3.25,6.26,11.66
"2017-05-29 00:19:14",574,18,1,15.05,8.066,59.54,15.045,15.045,81.2,9.6,6.83,0.5,-0.25,0.12,0.51,2.6,6.26,11.61
"2017-05-29 00:20:30",575,18,1,16.04,7.968,59.58,16.04,16.033,80.99,9.6,6.81,0.55,-0.27,0.1,0.4,2.13,6.26,11.65
"2017-05-29 00:21:46",576,18,1,17.03,7.733,59.73,17.03,17.029,80.46,9.59,6.79,0.54,-0.25,0.11,0.47,2.46,6.26,11.66
"2017-05-29 00:23:05",577,18,1,18.1,7.538,59.84,18.101,18.097,79.67,9.54,6.77,0.52,-0.26,0.1,0.39,2.09,6.26,11.66
"2017-05-29 00:24:23",578,18,1,19.1,7.42,59.92,19.101,19.099,78,9.37,6.75,0.65,-0.29,0.08,0.29,1.65,6.26,11.64
"2017-05-29 00:25:41",579,18,1,20.08,7.302,60,20.079,20.081,76.75,9.25,6.73,0.61,-0.28,0.09,0.3,1.69,6.26,11.64
"2017-05-29 00:27:04",580,18,1,21.02,7.243,60.07,21.015,21.017,76.48,9.23,6.71,0.67,-0.28,0.08,0.26,1.56,6.26,11.66
"2017-05-29 00:28:30",581,18,1,22.01,7.168,60.13,22.009,22.004,75.92,9.18,6.69,0.65,-0.27,0.1,0.22,1.39,6.26,11.62
"2017-05-29 00:29:56",582,18,1,23.09,7.101,60.18,23.093,23.09,75.14,9.1,6.68,0.71,-0.27,0.1,0.19,1.25,6.26,11.64
"2017-05-29 00:31:21",583,18,1,24.08,7.047,60.3,24.083,24.08,73.65,8.93,6.66,0.8,-0.27,0.1,0.22,1.39,6.26,11.62
"2017-05-29 00:32:44",584,18,1,24.98,6.918,60.51,24.982,24.985,71.71,8.72,6.64,0.9,-0.28,0.09,0.14,1.02,6.26,11.56
"2017-05-29 06:01:27",585,19,1,0.914,13.301,56.77,0.914,0.917,98.27,10.28,7.35,0.74,-0.2,0.17,1.74,7.88,6.25,11.53
"2017-05-29 06:02:44",586,19,1,2.032,13.309,56.78,2.032,2.035,98.03,10.26,7.35,0.81,-0.18,0.19,1.73,7.84,6.25,11.54
"2017-05-29 06:04:00",587,19,1,3.045,13.308,56.78,3.045,3.049,97.98,10.25,7.35,0.78,-0.19,0.18,1.87,8.42,6.26,11.54
"2017-05-29 06:05:16",588,19,1,4.043,13.314,56.78,4.043,4.039,98.04,10.26,7.35,0.81,-0.19,0.18,1.5,6.83,6.26,11.55
"2017-05-29 06:06:32",589,19,1,5.051,13.31,56.79,5.051,5.052,97.73,10.23,7.35,0.78,-0.17,0.19,2.07,9.29,6.25,11.55
"2017-05-29 06:07:50",590,19,1,6.106,13.301,56.79,6.106,6.109,97.75,10.23,7.34,0.74,-0.2,0.17,1.58,7.17,6.26,11.56
"2017-05-29 06:09:05",591,19,1,7.045,13.188,56.88,7.045,7.04,96.96,10.17,7.33,0.78,-0.17,0.2,1.84,8.31,6.26,11.57
"2017-05-29 06:10:21",592,19,1,8.04,10.915,57.95,8.035,8.043,89.47,9.89,7.1,0.77,-0.18,0.19,1.46,6.67,6.26,11.57
"2017-05-29 06:11:39",593,19,1,9.11,10.088,58.28,9.107,9.11,86.81,9.78,7.01,0.65,-0.23,0.14,1.2,5.56,6.25,11.55
"2017-05-29 06:12:55",594,19,1,10.03,9.894,58.38,10.031,10.035,86.04,9.74,6.95,0.63,-0.22,0.14,1.15,5.34,6.26,11.51
"2017-05-29 06:14:11",595,19,1,11.03,9.75,58.46,11.034,11.022,86.28,9.8,6.92,0.64,-0.2,0.17,1.14,5.29,6.25,11.57
"2017-05-29 06:15:27",596,19,1,12.01,9.437,58.64,12.008,12.011,85.91,9.83,6.91,0.59,-0.23,0.14,0.98,4.62,6.26,11.56
"2017-05-29 06:16:45",597,19,1,13.09,8.728,59.1,13.093,13.091,84.17,9.79,6.88,0.5,-0.25,0.12,0.69,3.38,6.26,11.54
"2017-05-29 06:18:01",598,19,1,14.05,8.594,59.22,14.054,14.053,82.46,9.63,6.84,0.53,-0.25,0.12,0.61,3.05,6.26,11.51
"2017-05-29 06:19:17",599,19,1,15,8.499,59.27,15.001,15.003,81.69,9.56,6.82,0.67,-0.25,0.12,0.61,3.05,6.25,11.51
"2017-05-29 06:20:33",600,19,1,16.04,8.258,59.4,16.043,16.035,82.02,9.65,6.8,0.59,-0.25,0.11,0.62,3.1,6.26,11.58
"2017-05-29 06:21:51",601,19,1,17.1,8.038,59.54,17.099,17.088,81.55,9.65,6.79,0.52,-0.27,0.1,0.48,2.5,6.26,11.55
"2017-05-29 06:23:09",602,19,1,18.08,7.731,59.74,18.079,18.065,80.27,9.57,6.77,0.54,-0.26,0.11,0.39,2.1,6.26,11.59
"2017-05-29 06:24:27",603,19,1,19.06,7.313,60,19.056,19.058,77.77,9.37,6.74,0.62,-0.29,0.08,0.26,1.54,6.26,11.55
"2017-05-29 06:25:45",604,19,1,20.09,7.173,60.09,20.092,20.081,76.49,9.24,6.71,0.64,-0.28,0.09,0.28,1.62,6.26,11.59
"2017-05-29 06:27:13",605,19,1,21.07,7.049,60.28,21.067,21.075,74.22,9,6.69,0.81,-0.29,0.08,0.2,1.29,6.26,11.56
"2017-05-29 06:28:38",606,19,1,22.09,7.002,60.34,22.086,22.085,73.35,8.9,6.67,0.8,-0.27,0.1,0.13,1.01,6.26,11.59
"2017-05-29 06:30:01",607,19,1,23.02,6.983,60.32,23.024,23.007,73.6,8.94,6.65,0.88,-0.29,0.08,0.15,1.05,6.26,11.61
"2017-05-29 06:31:27",608,19,1,24.08,6.947,60.35,24.081,24.078,73.11,8.89,6.64,0.82,-0.26,0.11,0.13,0.99,6.26,11.56
"2017-05-29 06:32:51",609,19,1,24.88,6.937,60.4,24.876,24.882,72.43,8.81,6.63,0.82,-0.29,0.08,0.13,0.98,6.26,11.57
